BEGIN
CREATE TABLE
INSERT 0 980
 rk  |       school        | div |  str  | park  |  ofs  |  dfs  |  sos  
-----+---------------------+-----+-------+-------+-------+-------+-------
   1 | Florida             |   1 | 7.167 | 0.955 | 2.436 | 0.340 | 1.509
   2 | LSU                 |   1 | 6.557 | 0.837 | 2.599 | 0.396 | 1.423
   3 | Michigan            |   1 | 6.138 | 0.968 | 2.425 | 0.395 | 1.247
   4 | Alabama             |   1 | 5.270 | 0.971 | 1.984 | 0.376 | 1.440
   5 | Oklahoma            |   1 | 5.241 | 1.036 | 2.196 | 0.419 | 1.185
   6 | La.-Lafayette       |   1 | 4.869 | 1.052 | 1.997 | 0.410 | 1.221
   7 | Auburn              |   1 | 4.761 | 0.972 | 2.601 | 0.546 | 1.383
   8 | UCLA                |   1 | 4.668 | 1.004 | 2.091 | 0.448 | 1.368
   9 | Oregon              |   1 | 4.554 | 1.020 | 2.047 | 0.450 | 1.388
  10 | Georgia             |   1 | 4.441 | 1.061 | 1.912 | 0.431 | 1.294
  11 | Florida St.         |   1 | 4.137 | 1.008 | 1.729 | 0.418 | 1.351
  12 | Tennessee           |   1 | 4.022 | 0.981 | 1.982 | 0.493 | 1.380
  13 | Arizona             |   1 | 3.401 | 1.205 | 1.880 | 0.553 | 1.410
  14 | California          |   1 | 3.377 | 1.011 | 1.938 | 0.574 | 1.340
  15 | Notre Dame          |   1 | 3.372 | 1.102 | 1.843 | 0.547 | 1.283
  16 | Missouri            |   1 | 3.354 | 0.949 | 2.042 | 0.609 | 1.416
  17 | UCF                 |   1 | 3.333 | 0.996 | 1.263 | 0.379 | 1.149
  18 | Minnesota           |   1 | 3.300 | 1.096 | 1.801 | 0.546 | 1.224
  19 | Washington          |   1 | 3.176 | 1.006 | 2.142 | 0.674 | 1.281
  20 | Virginia Tech       |   1 | 3.077 | 1.092 | 1.520 | 0.494 | 1.185
  21 | Arizona St.         |   1 | 2.977 | 1.040 | 1.994 | 0.670 | 1.424
  22 | Kentucky            |   1 | 2.927 | 0.974 | 1.491 | 0.509 | 1.442
  23 | Texas A&M           |   1 | 2.900 | 0.888 | 1.622 | 0.559 | 1.393
  24 | James Madison       |   1 | 2.834 | 1.063 | 1.305 | 0.461 | 1.114
  25 | Baylor              |   1 | 2.762 | 0.784 | 1.629 | 0.590 | 1.252
  26 | North Carolina      |   1 | 2.730 | 1.127 | 1.641 | 0.601 | 1.172
  27 | Kansas              |   1 | 2.655 | 1.034 | 1.617 | 0.609 | 1.204
  28 | Northwestern        |   1 | 2.587 | 1.170 | 1.824 | 0.705 | 1.262
  29 | Western Ky.         |   1 | 2.553 | 1.098 | 1.206 | 0.472 | 1.117
  30 | Texas               |   1 | 2.505 | 0.895 | 1.569 | 0.626 | 1.232
  31 | North Carolina St.  |   1 | 2.501 | 1.028 | 1.434 | 0.573 | 1.322
  32 | South Carolina      |   1 | 2.423 | 0.881 | 1.562 | 0.645 | 1.283
  33 | Fresno St.          |   1 | 2.320 | 0.892 | 1.363 | 0.588 | 1.149
  34 | CSUN                |   1 | 2.317 | 0.958 | 1.338 | 0.577 | 1.115
  35 | Fla. Atlantic       |   1 | 2.277 | 0.915 | 1.428 | 0.627 | 1.167
  36 | Mississippi St.     |   1 | 2.269 | 0.961 | 1.755 | 0.773 | 1.287
  37 | Hofstra             |   1 | 2.256 | 1.011 | 1.171 | 0.519 | 1.127
  38 | Utah                |   1 | 2.245 | 1.261 | 1.181 | 0.526 | 1.353
  39 | South Fla.          |   1 | 2.155 | 0.971 | 1.328 | 0.616 | 1.116
  40 | Kent St.            |   1 | 2.116 | 1.074 | 1.134 | 0.536 | 0.972
  41 | North Dakota St.    |   1 | 2.106 | 1.071 | 1.345 | 0.638 | 1.035
  42 | South Ala.          |   1 | 2.090 | 1.032 | 1.329 | 0.636 | 1.172
  43 | SIUE                |   1 | 2.044 | 0.931 | 1.228 | 0.601 | 0.965
  44 | Stetson             |   1 | 1.973 | 1.054 | 1.283 | 0.650 | 0.980
  44 | Oregon St.          |   1 | 1.973 | 0.970 | 1.569 | 0.795 | 1.310
  46 | San Jose St.        |   1 | 1.957 | 0.884 | 1.603 | 0.819 | 1.133
  47 | Georgia St.         |   1 | 1.951 | 1.102 | 1.804 | 0.925 | 1.156
  48 | San Diego St.       |   1 | 1.949 | 0.889 | 1.551 | 0.796 | 1.231
  49 | USC Upstate         |   1 | 1.936 | 0.999 | 1.408 | 0.727 | 1.003
  50 | Louisville          |   1 | 1.911 | 0.977 | 1.497 | 0.783 | 1.209
  51 | New Mexico St.      |   1 | 1.905 | 1.302 | 1.424 | 0.747 | 1.089
  52 | Nebraska            |   1 | 1.904 | 1.049 | 1.774 | 0.932 | 1.225
  53 | Purdue              |   1 | 1.887 | 0.950 | 1.075 | 0.569 | 1.092
  54 | Texas St.           |   1 | 1.878 | 1.043 | 1.394 | 0.743 | 1.138
  55 | Marshall            |   1 | 1.872 | 1.144 | 1.230 | 0.657 | 1.070
  56 | Stanford            |   1 | 1.851 | 0.975 | 1.783 | 0.963 | 1.399
  57 | BYU                 |   1 | 1.847 | 1.061 | 1.244 | 0.674 | 1.051
  58 | Maryland            |   1 | 1.845 | 1.153 | 1.587 | 0.860 | 1.124
  59 | Tulsa               |   1 | 1.812 | 1.100 | 1.238 | 0.683 | 1.075
  60 | Cal St. Fullerton   |   1 | 1.792 | 1.000 | 1.260 | 0.703 | 1.201
  61 | McNeese St.         |   1 | 1.790 | 0.960 | 1.110 | 0.620 | 1.095
  62 | Drake               |   1 | 1.771 | 1.052 | 1.048 | 0.592 | 1.019
  63 | Long Beach St.      |   1 | 1.761 | 0.860 | 1.472 | 0.836 | 1.259
  64 | Chattanooga         |   1 | 1.719 | 1.019 | 1.062 | 0.618 | 1.033
  65 | Pittsburgh          |   1 | 1.705 | 1.135 | 1.183 | 0.694 | 1.143
  66 | UC Riverside        |   1 | 1.697 | 1.031 | 1.053 | 0.621 | 1.075
  67 | Hawaii              |   1 | 1.668 | 0.808 | 1.437 | 0.862 | 1.198
  68 | Weber St.           |   1 | 1.649 | 1.082 | 1.298 | 0.787 | 1.011
  69 | UAB                 |   1 | 1.629 | 0.882 | 1.355 | 0.832 | 1.104
  70 | Louisiana Tech      |   1 | 1.587 | 0.930 | 1.315 | 0.829 | 0.998
  70 | Murray St.          |   1 | 1.587 | 1.123 | 1.246 | 0.785 | 0.933
  72 | UTSA                |   1 | 1.586 | 1.101 | 1.393 | 0.878 | 1.049
  73 | Boston College      |   1 | 1.581 | 1.085 | 1.034 | 0.654 | 1.115
  74 | Idaho St.           |   1 | 1.571 | 1.031 | 1.262 | 0.804 | 1.020
  75 | Creighton           |   1 | 1.564 | 1.067 | 1.097 | 0.701 | 0.946
  76 | Ole Miss            |   1 | 1.527 | 0.981 | 1.283 | 0.840 | 1.248
  77 | IUPUI               |   1 | 1.493 | 1.083 | 1.067 | 0.715 | 0.936
  78 | Jacksonville St.    |   1 | 1.477 | 1.066 | 1.071 | 0.725 | 0.949
  79 | Lehigh              |   1 | 1.461 | 0.903 | 1.004 | 0.687 | 0.869
  80 | Coastal Caro.       |   1 | 1.457 | 0.898 | 1.289 | 0.885 | 1.014
  81 | Mercer              |   1 | 1.444 | 0.978 | 1.237 | 0.857 | 1.017
  82 | Grand Canyon        |   1 | 1.443 | 0.973 | 1.396 | 0.968 | 1.081
  83 | La.-Monroe          |   1 | 1.420 | 0.887 | 1.277 | 0.900 | 1.063
  84 | Northwestern St.    |   1 | 1.402 | 0.908 | 1.295 | 0.924 | 1.004
  85 | Troy                |   1 | 1.399 | 0.962 | 1.247 | 0.892 | 1.129
  86 | Houston             |   1 | 1.397 | 0.920 | 1.401 | 1.003 | 1.133
  87 | Lipscomb            |   1 | 1.386 | 1.037 | 1.092 | 0.788 | 1.119
  88 | Arkansas            |   1 | 1.348 | 0.973 | 1.396 | 1.035 | 1.317
  89 | Penn St.            |   1 | 1.347 | 1.073 | 1.075 | 0.798 | 1.171
  90 | FIU                 |   1 | 1.335 | 0.951 | 1.128 | 0.845 | 1.086
  91 | Longwood            |   1 | 1.316 | 0.963 | 1.197 | 0.910 | 1.086
  92 | Dartmouth           |   1 | 1.310 | 1.054 | 0.979 | 0.748 | 0.948
  93 | Ohio St.            |   1 | 1.309 | 1.066 | 1.362 | 1.040 | 1.177
  94 | Cal Poly            |   1 | 1.301 | 0.868 | 0.873 | 0.671 | 1.169
  95 | Rutgers             |   1 | 1.299 | 1.085 | 1.406 | 1.083 | 1.075
  96 | UNLV                |   1 | 1.298 | 1.136 | 1.040 | 0.801 | 1.207
  96 | Colorado St.        |   1 | 1.298 | 1.081 | 1.243 | 0.958 | 1.069
  98 | Illinois St.        |   1 | 1.275 | 1.089 | 1.206 | 0.946 | 1.135
  99 | Dayton              |   1 | 1.264 | 1.003 | 0.997 | 0.789 | 0.933
 100 | Fordham             |   1 | 1.263 | 1.015 | 1.218 | 0.965 | 1.035
 101 | Ball St.            |   1 | 1.254 | 1.068 | 1.495 | 1.192 | 1.035
 102 | North Florida       |   1 | 1.248 | 1.011 | 1.049 | 0.841 | 1.079
 103 | UC Davis            |   1 | 1.239 | 0.882 | 1.127 | 0.910 | 1.192
 104 | Oklahoma St.        |   1 | 1.226 | 1.139 | 1.072 | 0.874 | 1.163
 105 | Col. of Charleston  |   1 | 1.218 | 0.911 | 1.170 | 0.961 | 1.049
 106 | Kennesaw St.        |   1 | 1.211 | 0.966 | 1.105 | 0.912 | 1.036
 107 | Georgia Tech        |   1 | 1.195 | 1.026 | 0.963 | 0.806 | 1.306
 108 | Texas-Arlington     |   1 | 1.194 | 1.034 | 1.266 | 1.060 | 1.065
 109 | Saint Louis         |   1 | 1.191 | 0.947 | 1.104 | 0.927 | 0.933
 110 | North Texas         |   1 | 1.189 | 1.042 | 1.160 | 0.975 | 1.167
 111 | Central Ark.        |   1 | 1.187 | 1.113 | 0.986 | 0.831 | 0.963
 112 | Texas Tech          |   1 | 1.176 | 1.094 | 1.238 | 1.053 | 1.183
 113 | San Diego           |   1 | 1.172 | 0.879 | 0.990 | 0.845 | 1.007
 113 | Maine               |   1 | 1.172 | 0.999 | 1.001 | 0.854 | 0.880
 115 | Charlotte           |   1 | 1.158 | 1.104 | 0.929 | 0.802 | 1.057
 116 | UT Martin           |   1 | 1.155 | 0.991 | 1.024 | 0.886 | 0.934
 117 | Omaha               |   1 | 1.153 | 0.872 | 0.935 | 0.811 | 0.978
 118 | Wichita St.         |   1 | 1.151 | 1.182 | 1.185 | 1.029 | 1.067
 119 | Elon                |   1 | 1.144 | 1.009 | 0.951 | 0.832 | 1.008
 120 | Saint Francis (PA)  |   1 | 1.137 | 1.120 | 0.861 | 0.758 | 0.898
 121 | Syracuse            |   1 | 1.125 | 1.081 | 0.958 | 0.852 | 1.115
 122 | Jacksonville        |   1 | 1.122 | 0.969 | 1.126 | 1.004 | 1.039
 123 | Cleveland St.       |   1 | 1.110 | 0.957 | 1.050 | 0.946 | 0.875
 123 | Saint Joseph's      |   1 | 1.110 | 0.996 | 1.237 | 1.114 | 0.883
 125 | Northern Ill.       |   1 | 1.099 | 1.129 | 0.951 | 0.865 | 0.972
 126 | Samford             |   1 | 1.098 | 1.103 | 1.066 | 0.971 | 1.033
 127 | Binghamton          |   1 | 1.091 | 1.024 | 1.393 | 1.277 | 0.934
 128 | New Mexico          |   1 | 1.088 | 1.301 | 1.114 | 1.024 | 1.082
 129 | UMKC                |   1 | 1.085 | 0.904 | 1.321 | 1.218 | 0.965
 130 | Michigan St.        |   1 | 1.081 | 0.976 | 1.026 | 0.949 | 1.120
 131 | Missouri St.        |   1 | 1.079 | 0.933 | 0.913 | 0.846 | 1.051
 132 | Iowa                |   1 | 1.078 | 1.049 | 1.149 | 1.066 | 1.330
 133 | Wisconsin           |   1 | 1.060 | 1.116 | 1.014 | 0.956 | 1.121
 134 | Butler              |   1 | 1.052 | 0.993 | 1.121 | 1.065 | 0.982
 135 | Presbyterian        |   1 | 1.027 | 1.092 | 0.923 | 0.900 | 0.944
 136 | Stony Brook         |   1 | 1.023 | 0.948 | 1.065 | 1.042 | 0.902
 137 | Lamar               |   1 | 1.001 | 0.982 | 1.130 | 1.129 | 0.937
 138 | FGCU                |   1 | 0.997 | 0.875 | 1.028 | 1.031 | 1.079
 139 | Central Conn. St.   |   1 | 0.996 | 1.017 | 0.845 | 0.848 | 0.843
 140 | Towson              |   1 | 0.995 | 0.940 | 0.973 | 0.978 | 1.038
 141 | Charleston So.      |   1 | 0.993 | 1.023 | 0.897 | 0.903 | 0.944
 142 | UNI                 |   1 | 0.987 | 0.989 | 0.961 | 0.973 | 1.050
 143 | Sacramento St.      |   1 | 0.986 | 0.862 | 1.027 | 1.041 | 1.038
 143 | Illinois            |   1 | 0.986 | 1.144 | 1.183 | 1.199 | 1.189
 145 | Nicholls St.        |   1 | 0.982 | 1.021 | 1.108 | 1.128 | 0.886
 146 | Liberty             |   1 | 0.979 | 1.184 | 0.906 | 0.925 | 1.002
 147 | St. John's (NY)     |   1 | 0.978 | 0.976 | 1.108 | 1.134 | 1.020
 148 | Ill.-Chicago        |   1 | 0.974 | 0.919 | 0.838 | 0.860 | 0.927
 149 | Iowa St.            |   1 | 0.972 | 1.097 | 0.907 | 0.933 | 1.144
 150 | Campbell            |   1 | 0.965 | 0.985 | 0.937 | 0.971 | 0.949
 151 | Princeton           |   1 | 0.955 | 0.889 | 0.793 | 0.831 | 0.890
 152 | Bucknell            |   1 | 0.954 | 0.934 | 1.222 | 1.281 | 0.884
 153 | Eastern Ky.         |   1 | 0.951 | 1.006 | 0.882 | 0.927 | 0.999
 154 | Utah St.            |   1 | 0.946 | 1.123 | 1.104 | 1.167 | 1.114
 155 | Loyola Marymount    |   1 | 0.936 | 1.105 | 0.853 | 0.911 | 1.020
 156 | Central Mich.       |   1 | 0.935 | 1.045 | 0.852 | 0.911 | 0.989
 157 | Tennessee Tech      |   1 | 0.933 | 0.896 | 0.856 | 0.917 | 0.928
 158 | East Carolina       |   1 | 0.931 | 0.899 | 0.949 | 1.020 | 1.205
 158 | Pacific             |   1 | 0.931 | 0.956 | 0.875 | 0.939 | 1.191
 160 | Villanova           |   1 | 0.927 | 0.961 | 0.768 | 0.828 | 0.947
 161 | Furman              |   1 | 0.914 | 1.012 | 0.772 | 0.845 | 1.016
 162 | Georgetown          |   1 | 0.903 | 0.979 | 0.954 | 1.056 | 0.981
 163 | Winthrop            |   1 | 0.901 | 1.052 | 0.925 | 1.026 | 1.009
 164 | Miami (OH)          |   1 | 0.897 | 0.936 | 0.922 | 1.027 | 0.917
 165 | South Dakota        |   1 | 0.887 | 1.108 | 1.115 | 1.257 | 0.984
 166 | Akron               |   1 | 0.883 | 1.025 | 0.846 | 0.958 | 0.943
 167 | UConn               |   1 | 0.880 | 1.122 | 0.944 | 1.072 | 1.084
 168 | Bakersfield         |   1 | 0.874 | 1.009 | 0.758 | 0.868 | 1.070
 169 | DePaul              |   1 | 0.869 | 1.015 | 1.239 | 1.425 | 1.078
 170 | UNC Greensboro      |   1 | 0.865 | 0.937 | 1.270 | 1.469 | 0.954
 171 | Santa Clara         |   1 | 0.856 | 0.883 | 0.948 | 1.107 | 1.069
 172 | La Salle            |   1 | 0.853 | 1.115 | 0.993 | 1.164 | 0.924
 172 | Indiana             |   1 | 0.853 | 1.047 | 1.151 | 1.350 | 1.143
 174 | Nevada              |   1 | 0.842 | 0.986 | 1.092 | 1.296 | 1.126
 175 | George Mason        |   1 | 0.830 | 0.867 | 1.108 | 1.335 | 0.921
 176 | A&M-Corpus Christi  |   1 | 0.826 | 0.919 | 0.902 | 1.092 | 0.989
 177 | Ga. Southern        |   1 | 0.825 | 1.036 | 0.919 | 1.114 | 1.208
 178 | St. Mary's (CA)     |   1 | 0.817 | 0.871 | 0.839 | 1.028 | 1.064
 179 | UTEP                |   1 | 0.805 | 1.129 | 0.943 | 1.171 | 1.145
 179 | Albany (NY)         |   1 | 0.805 | 0.967 | 0.917 | 1.140 | 0.845
 181 | Robert Morris       |   1 | 0.803 | 0.998 | 0.756 | 0.941 | 0.898
 182 | Delaware            |   1 | 0.802 | 0.902 | 1.033 | 1.289 | 0.889
 182 | Western Caro.       |   1 | 0.802 | 1.125 | 0.718 | 0.896 | 0.992
 184 | Western Ill.        |   1 | 0.797 | 1.090 | 0.803 | 1.006 | 1.010
 185 | George Washington   |   1 | 0.789 | 0.916 | 0.944 | 1.195 | 0.856
 186 | Western Mich.       |   1 | 0.786 | 0.960 | 0.867 | 1.104 | 0.968
 187 | UC Santa Barbara    |   1 | 0.785 | 1.029 | 1.110 | 1.414 | 1.174
 188 | Middle Tenn.        |   1 | 0.782 | 0.959 | 0.970 | 1.240 | 1.000
 189 | Indiana St.         |   1 | 0.781 | 0.994 | 0.878 | 1.124 | 1.048
 190 | Monmouth            |   1 | 0.779 | 0.946 | 0.995 | 1.278 | 0.863
 191 | Toledo              |   1 | 0.775 | 1.029 | 0.908 | 1.172 | 0.936
 192 | Stephen F. Austin   |   1 | 0.774 | 0.902 | 0.772 | 0.997 | 1.013
 192 | Montana             |   1 | 0.774 | 0.998 | 1.049 | 1.354 | 1.035
 194 | Eastern Ill.        |   1 | 0.771 | 0.898 | 0.879 | 1.140 | 0.999
 195 | Boise St.           |   1 | 0.770 | 1.090 | 0.979 | 1.271 | 1.115
 195 | Memphis             |   1 | 0.770 | 0.907 | 0.967 | 1.256 | 1.073
 197 | Boston U.           |   1 | 0.769 | 0.815 | 0.923 | 1.201 | 0.952
 198 | Seattle             |   1 | 0.768 | 1.002 | 0.968 | 1.261 | 1.033
 199 | Providence          |   1 | 0.763 | 1.039 | 0.918 | 1.204 | 1.034
 200 | Harvard             |   1 | 0.754 | 1.126 | 0.661 | 0.876 | 0.894
 201 | Utah Valley         |   1 | 0.751 | 1.133 | 0.877 | 1.167 | 1.127
 202 | Sam Houston St.     |   1 | 0.745 | 0.908 | 0.945 | 1.268 | 0.971
 203 | Southern Ill.       |   1 | 0.744 | 1.017 | 0.990 | 1.330 | 0.995
 204 | Bradley             |   1 | 0.741 | 0.917 | 0.957 | 1.292 | 1.050
 205 | Southern Utah       |   1 | 0.737 | 1.186 | 0.833 | 1.129 | 1.055
 206 | Southern Miss.      |   1 | 0.729 | 1.020 | 0.829 | 1.138 | 1.009
 207 | Northern Colo.      |   1 | 0.727 | 1.235 | 0.858 | 1.180 | 0.987
 208 | Bryant              |   1 | 0.723 | 1.068 | 0.856 | 1.183 | 0.928
 209 | Seton Hall          |   1 | 0.715 | 1.070 | 0.936 | 1.310 | 0.999
 210 | UNCW                |   1 | 0.712 | 1.043 | 0.725 | 1.018 | 0.989
 211 | Colgate             |   1 | 0.710 | 0.988 | 0.826 | 1.163 | 0.857
 212 | Penn                |   1 | 0.697 | 1.015 | 0.763 | 1.093 | 0.848
 213 | Bowling Green       |   1 | 0.696 | 0.945 | 0.823 | 1.183 | 0.942
 214 | Appalachian St.     |   1 | 0.692 | 1.204 | 0.829 | 1.198 | 1.123
 215 | Oakland             |   1 | 0.690 | 0.996 | 0.860 | 1.247 | 0.878
 216 | Radford             |   1 | 0.687 | 1.084 | 1.025 | 1.490 | 0.982
 217 | Loyola Chicago      |   1 | 0.685 | 0.973 | 0.768 | 1.120 | 0.997
 218 | South Dakota St.    |   1 | 0.683 | 0.974 | 0.981 | 1.436 | 0.949
 219 | LIU Brooklyn        |   1 | 0.680 | 1.073 | 0.868 | 1.276 | 1.000
 220 | Green Bay           |   1 | 0.675 | 0.890 | 0.742 | 1.100 | 0.870
 221 | Virginia            |   1 | 0.673 | 1.008 | 1.092 | 1.623 | 1.135
 222 | Evansville          |   1 | 0.671 | 1.054 | 1.022 | 1.523 | 1.017
 223 | Fairfield           |   1 | 0.658 | 0.974 | 0.834 | 1.268 | 0.813
 224 | Canisius            |   1 | 0.654 | 1.059 | 0.730 | 1.116 | 0.770
 225 | Massachusetts       |   1 | 0.652 | 0.960 | 0.813 | 1.248 | 0.952
 226 | Bethune-Cookman     |   1 | 0.645 | 0.910 | 0.819 | 1.271 | 0.949
 227 | Eastern Mich.       |   1 | 0.642 | 1.120 | 0.850 | 1.324 | 0.971
 227 | Portland St.        |   1 | 0.642 | 0.860 | 0.854 | 1.330 | 1.062
 227 | Manhattan           |   1 | 0.642 | 0.892 | 0.892 | 1.390 | 0.764
 227 | East Tenn. St.      |   1 | 0.642 | 0.926 | 0.964 | 1.500 | 1.000
 231 | Southeastern La.    |   1 | 0.641 | 0.982 | 0.877 | 1.367 | 0.943
 232 | Drexel              |   1 | 0.640 | 1.079 | 0.704 | 1.101 | 0.944
 233 | St. Bonaventure     |   1 | 0.633 | 1.043 | 0.767 | 1.212 | 0.927
 234 | Southeast Mo. St.   |   1 | 0.615 | 1.024 | 1.046 | 1.700 | 0.941
 235 | Marist              |   1 | 0.613 | 0.975 | 0.842 | 1.372 | 0.780
 236 | Fairleigh Dickinson |   1 | 0.609 | 0.930 | 0.901 | 1.479 | 0.860
 237 | Valparaiso          |   1 | 0.604 | 1.056 | 1.026 | 1.700 | 0.886
 238 | Youngstown St.      |   1 | 0.596 | 0.990 | 0.927 | 1.557 | 0.870
 239 | Gardner-Webb        |   1 | 0.593 | 1.027 | 0.881 | 1.486 | 0.949
 240 | Abilene Christian   |   1 | 0.587 | 1.074 | 0.883 | 1.504 | 0.923
 240 | Ohio                |   1 | 0.587 | 0.962 | 0.956 | 1.630 | 0.967
 242 | Sacred Heart        |   1 | 0.581 | 0.975 | 0.588 | 1.013 | 0.879
 243 | Wright St.          |   1 | 0.579 | 0.966 | 0.815 | 1.407 | 0.971
 244 | UMass Lowell        |   1 | 0.576 | 0.892 | 0.708 | 1.229 | 0.918
 245 | Hampton             |   1 | 0.572 | 0.876 | 0.758 | 1.325 | 0.770
 246 | Savannah St.        |   1 | 0.566 | 0.947 | 1.057 | 1.868 | 0.807
 247 | Morehead St.        |   1 | 0.564 | 0.938 | 0.861 | 1.525 | 0.876
 248 | Brown               |   1 | 0.548 | 1.163 | 0.600 | 1.095 | 0.858
 249 | North Dakota        |   1 | 0.529 | 0.961 | 0.914 | 1.726 | 0.966
 249 | Houston Baptist     |   1 | 0.529 | 0.957 | 0.779 | 1.471 | 0.919
 251 | Columbia            |   1 | 0.525 | 0.961 | 0.706 | 1.344 | 0.877
 252 | Siena               |   1 | 0.510 | 0.944 | 0.868 | 1.703 | 0.775
 253 | Buffalo             |   1 | 0.508 | 1.177 | 0.845 | 1.665 | 0.968
 254 | Wagner              |   1 | 0.495 | 1.053 | 0.622 | 1.256 | 0.846
 255 | Rider               |   1 | 0.470 | 1.139 | 0.786 | 1.671 | 0.803
 256 | Holy Cross          |   1 | 0.465 | 0.890 | 0.751 | 1.613 | 0.804
 257 | N.C. Central        |   1 | 0.455 | 0.989 | 0.704 | 1.547 | 0.783
 258 | Army                |   1 | 0.454 | 0.865 | 0.841 | 1.854 | 0.850
 259 | Yale                |   1 | 0.442 | 1.055 | 0.584 | 1.323 | 0.861
 260 | Texas Southern      |   1 | 0.438 | 1.097 | 0.698 | 1.593 | 0.717
 261 | UMBC                |   1 | 0.437 | 0.975 | 0.623 | 1.426 | 0.806
 262 | Florida A&M         |   1 | 0.435 | 1.081 | 0.668 | 1.538 | 0.925
 263 | Cornell             |   1 | 0.433 | 1.123 | 0.802 | 1.851 | 0.825
 264 | Jackson St.         |   1 | 0.428 | 1.008 | 0.711 | 1.660 | 0.744
 264 | Alabama St.         |   1 | 0.428 | 1.007 | 0.797 | 1.862 | 0.778
 266 | Belmont             |   1 | 0.409 | 1.021 | 0.648 | 1.584 | 0.923
 267 | Delaware St.        |   1 | 0.398 | 0.955 | 0.707 | 1.776 | 0.736
 268 | Iona                |   1 | 0.387 | 0.960 | 0.631 | 1.629 | 0.845
 268 | Detroit             |   1 | 0.387 | 1.151 | 0.666 | 1.719 | 0.877
 270 | N.C. A&T            |   1 | 0.372 | 1.061 | 0.703 | 1.889 | 0.767
 271 | Mt. St. Mary's      |   1 | 0.369 | 0.941 | 0.644 | 1.744 | 0.851
 272 | Austin Peay         |   1 | 0.360 | 0.979 | 0.855 | 2.376 | 0.931
 273 | Howard              |   1 | 0.354 | 1.044 | 0.722 | 2.038 | 0.728
 273 | Incarnate Word      |   1 | 0.354 | 0.966 | 0.601 | 1.696 | 0.869
 275 | Northern Ky.        |   1 | 0.346 | 1.088 | 0.688 | 1.986 | 1.002
 275 | Tennessee St.       |   1 | 0.346 | 0.926 | 0.671 | 1.938 | 0.913
 277 | Saint Peter's       |   1 | 0.333 | 1.037 | 0.528 | 1.586 | 0.806
 278 | Mississippi Val.    |   1 | 0.318 | 1.049 | 0.634 | 1.991 | 0.836
 279 | Lafayette           |   1 | 0.316 | 0.974 | 0.437 | 1.383 | 0.924
 280 | Rhode Island        |   1 | 0.311 | 1.064 | 0.600 | 1.928 | 0.924
 281 | Quinnipiac          |   1 | 0.307 | 1.009 | 0.565 | 1.841 | 0.839
 281 | Niagara             |   1 | 0.307 | 0.939 | 0.508 | 1.654 | 0.847
 283 | Hartford            |   1 | 0.306 | 1.013 | 0.584 | 1.911 | 0.851
 284 | Norfolk St.         |   1 | 0.296 | 1.077 | 0.524 | 1.771 | 0.708
 285 | South Carolina St.  |   1 | 0.290 | 0.897 | 0.545 | 1.876 | 0.693
 286 | Alabama A&M         |   1 | 0.284 | 1.052 | 0.690 | 2.429 | 0.621
 286 | IPFW                |   1 | 0.284 | 0.962 | 0.490 | 1.725 | 1.028
 288 | Prairie View        |   1 | 0.282 | 0.980 | 0.592 | 2.103 | 0.681
 289 | Morgan St.          |   1 | 0.255 | 0.977 | 0.457 | 1.791 | 0.725
 290 | Grambling           |   1 | 0.251 | 0.986 | 0.496 | 1.973 | 0.687
 291 | Southern U.         |   1 | 0.231 | 1.123 | 0.403 | 1.745 | 0.691
 292 | Ark.-Pine Bluff     |   1 | 0.228 | 1.049 | 0.538 | 2.359 | 0.817
 293 | UMES                |   1 | 0.224 | 1.046 | 0.536 | 2.391 | 0.690
 294 | Coppin St.          |   1 | 0.205 | 1.067 | 0.537 | 2.616 | 0.764
 294 | Alcorn              |   1 | 0.205 | 1.008 | 0.538 | 2.623 | 0.715
(295 rows)

 rk  |        school        | div |  str  | park  |  ofs  |  dfs  |  sos  
-----+----------------------+-----+-------+-------+-------+-------+-------
   1 | Valdosta St.         |   2 | 1.888 | 0.951 | 2.091 | 0.367 | 0.731
   2 | Dixie St.            |   2 | 1.251 | 1.138 | 1.597 | 0.423 | 0.677
   3 | North Ala.           |   2 | 1.223 | 0.976 | 1.485 | 0.403 | 0.749
   4 | West Tex. A&M        |   2 | 1.158 | 1.120 | 1.812 | 0.519 | 0.732
   5 | North Georgia        |   2 | 1.070 | 0.933 | 1.431 | 0.443 | 0.693
   6 | Ala.-Huntsville      |   2 | 1.069 | 0.880 | 1.676 | 0.520 | 0.721
   7 | Georgia College      |   2 | 1.016 | 0.872 | 1.780 | 0.581 | 0.706
   8 | St. Mary's (TX)      |   2 | 0.990 | 0.880 | 1.491 | 0.500 | 0.660
   8 | Cal St. Monterey Bay |   2 | 0.990 | 0.946 | 1.492 | 0.500 | 0.707
  10 | Mo.-St. Louis        |   2 | 0.975 | 1.033 | 1.563 | 0.531 | 0.681
  11 | Shorter              |   2 | 0.931 | 0.923 | 1.596 | 0.569 | 0.773
  12 | Rollins              |   2 | 0.912 | 1.036 | 1.470 | 0.534 | 0.718
  13 | Saint Leo            |   2 | 0.895 | 1.087 | 1.290 | 0.478 | 0.713
  14 | Angelo St.           |   2 | 0.880 | 0.882 | 1.433 | 0.540 | 0.718
  15 | Armstrong            |   2 | 0.861 | 0.963 | 1.953 | 0.752 | 0.750
  16 | Emporia St.          |   2 | 0.838 | 0.860 | 1.642 | 0.650 | 0.668
  17 | Augustana (SD)       |   2 | 0.818 | 1.026 | 1.468 | 0.595 | 0.663
  18 | Truman               |   2 | 0.791 | 0.933 | 1.403 | 0.588 | 0.664
  19 | Humboldt St.         |   2 | 0.785 | 1.264 | 1.415 | 0.598 | 0.714
  20 | Florida Tech         |   2 | 0.780 | 1.015 | 1.350 | 0.574 | 0.756
  21 | GRU Augusta          |   2 | 0.768 | 0.960 | 1.590 | 0.687 | 0.745
  22 | Spring Hill          |   2 | 0.752 | 0.904 | 1.393 | 0.614 | 0.490
  23 | Eckerd               |   2 | 0.749 | 1.018 | 1.319 | 0.584 | 0.758
  24 | Arkansas Tech        |   2 | 0.748 | 0.824 | 1.514 | 0.671 | 0.689
  25 | Bellarmine           |   2 | 0.740 | 0.957 | 1.032 | 0.462 | 0.691
  26 | Lenoir-Rhyne         |   2 | 0.735 | 1.002 | 1.404 | 0.634 | 0.665
  27 | California Baptist   |   2 | 0.726 | 0.937 | 1.394 | 0.637 | 0.654
  28 | Wingate              |   2 | 0.724 | 1.134 | 1.231 | 0.564 | 0.721
  29 | Cameron              |   2 | 0.721 | 1.062 | 1.458 | 0.671 | 0.695
  29 | Trevecca Nazarene    |   2 | 0.721 | 1.084 | 1.243 | 0.572 | 0.533
  31 | Ashland              |   2 | 0.708 | 1.170 | 1.359 | 0.637 | 0.614
  32 | Pittsburg St.        |   2 | 0.704 | 0.999 | 1.601 | 0.754 | 0.667
  32 | Anderson (SC)        |   2 | 0.704 | 1.048 | 1.408 | 0.663 | 0.614
  34 | Mo. Western St.      |   2 | 0.701 | 0.862 | 1.284 | 0.607 | 0.677
  35 | Southern N.H.        |   2 | 0.698 | 0.947 | 1.280 | 0.608 | 0.586
  36 | Palm Beach Atl.      |   2 | 0.696 | 0.900 | 1.346 | 0.642 | 0.765
  37 | Lee                  |   2 | 0.687 | 1.058 | 1.493 | 0.721 | 0.770
  38 | Southern Ind.        |   2 | 0.683 | 0.988 | 1.250 | 0.607 | 0.679
  39 | Henderson St.        |   2 | 0.678 | 1.019 | 1.506 | 0.737 | 0.652
  40 | Tampa                |   2 | 0.677 | 0.903 | 1.072 | 0.525 | 0.743
  41 | Barry                |   2 | 0.675 | 0.993 | 1.462 | 0.718 | 0.759
  42 | Saint Martin's       |   2 | 0.663 | 0.944 | 1.310 | 0.655 | 0.639
  43 | Indianapolis         |   2 | 0.659 | 1.016 | 1.340 | 0.674 | 0.688
  44 | Sonoma St.           |   2 | 0.649 | 0.885 | 1.451 | 0.741 | 0.719
  45 | Washburn             |   2 | 0.648 | 1.053 | 1.366 | 0.699 | 0.670
  46 | Charleston (WV)      |   2 | 0.646 | 0.871 | 1.354 | 0.694 | 0.576
  47 | Bloomsburg           |   2 | 0.632 | 0.965 | 1.394 | 0.732 | 0.599
  48 | Minn. St. Mankato    |   2 | 0.624 | 0.882 | 1.152 | 0.612 | 0.659
  49 | Grand Valley St.     |   2 | 0.617 | 0.980 | 1.420 | 0.763 | 0.636
  50 | Lubbock Christian    |   2 | 0.610 | 1.054 | 1.499 | 0.815 | 0.669
  50 | Minot St.            |   2 | 0.610 | 1.037 | 1.243 | 0.676 | 0.601
  52 | Tex. A&M-Commerce    |   2 | 0.609 | 0.956 | 1.345 | 0.732 | 0.764
  53 | Chico St.            |   2 | 0.605 | 0.975 | 1.205 | 0.660 | 0.734
  54 | Carson-Newman        |   2 | 0.604 | 1.022 | 1.228 | 0.674 | 0.631
  55 | Young Harris         |   2 | 0.603 | 0.964 | 1.418 | 0.780 | 0.740
  56 | Winona St.           |   2 | 0.598 | 0.860 | 1.150 | 0.638 | 0.635
  57 | Midwestern St.       |   2 | 0.594 | 0.983 | 1.401 | 0.783 | 0.759
  58 | East Central         |   2 | 0.584 | 1.010 | 1.404 | 0.798 | 0.696
  59 | Central Okla.        |   2 | 0.574 | 1.112 | 1.341 | 0.775 | 0.690
  60 | Ill.-Springfield     |   2 | 0.573 | 0.990 | 1.032 | 0.597 | 0.656
  61 | Assumption           |   2 | 0.564 | 1.079 | 1.324 | 0.779 | 0.565
  62 | Cal St. East Bay     |   2 | 0.556 | 1.099 | 1.211 | 0.723 | 0.707
  62 | Mont. St. Billings   |   2 | 0.556 | 1.259 | 1.285 | 0.767 | 0.693
  64 | Central Mo.          |   2 | 0.548 | 0.973 | 1.366 | 0.827 | 0.672
  65 | Concord              |   2 | 0.544 | 0.848 | 1.327 | 0.808 | 0.574
  66 | Columbus St.         |   2 | 0.543 | 0.924 | 1.440 | 0.880 | 0.717
  67 | S.C. Aiken           |   2 | 0.542 | 0.901 | 1.107 | 0.678 | 0.707
  68 | Metro St.            |   2 | 0.541 | 0.949 | 1.335 | 0.819 | 0.610
  69 | Delta St.            |   2 | 0.531 | 0.947 | 1.515 | 0.946 | 0.771
  70 | Catawba              |   2 | 0.529 | 0.960 | 1.172 | 0.734 | 0.706
  71 | Wayne St. (MI)       |   2 | 0.525 | 1.071 | 0.902 | 0.570 | 0.662
  72 | St. Edward's         |   2 | 0.520 | 0.884 | 1.312 | 0.837 | 0.698
  73 | Union (TN)           |   2 | 0.518 | 0.951 | 0.971 | 0.621 | 0.783
  74 | William Jewell       |   2 | 0.506 | 1.083 | 1.301 | 0.853 | 0.644
  75 | Tarleton St.         |   2 | 0.504 | 1.075 | 1.370 | 0.901 | 0.710
  75 | West Va. Wesleyan    |   2 | 0.504 | 0.907 | 1.156 | 0.761 | 0.552
  77 | UC San Diego         |   2 | 0.500 | 0.981 | 1.001 | 0.664 | 0.737
  78 | Pace                 |   2 | 0.489 | 1.230 | 1.118 | 0.758 | 0.556
  79 | Okla. Christian      |   2 | 0.488 | 1.082 | 1.052 | 0.716 | 0.681
  80 | Wayne St. (NE)       |   2 | 0.487 | 0.903 | 1.168 | 0.796 | 0.655
  81 | Kutztown             |   2 | 0.484 | 0.935 | 1.132 | 0.775 | 0.609
  82 | Hawaii Hilo          |   2 | 0.483 | 0.849 | 1.038 | 0.712 | 0.645
  83 | West Chester         |   2 | 0.482 | 0.914 | 1.136 | 0.781 | 0.596
  84 | Southern Ark.        |   2 | 0.479 | 0.846 | 1.648 | 1.142 | 0.699
  85 | Tex. A&M Int'l       |   2 | 0.477 | 1.012 | 1.086 | 0.755 | 0.680
  86 | Cal St. San B'dino   |   2 | 0.467 | 1.184 | 1.109 | 0.787 | 0.756
  87 | West Ala.            |   2 | 0.463 | 0.946 | 1.622 | 1.162 | 0.705
  88 | California (PA)      |   2 | 0.458 | 1.032 | 0.989 | 0.716 | 0.552
  89 | Mississippi Col.     |   2 | 0.457 | 1.024 | 1.075 | 0.780 | 0.746
  90 | Cal St. Dom. Hills   |   2 | 0.451 | 1.085 | 1.247 | 0.918 | 0.737
  90 | Nova Southeastern    |   2 | 0.451 | 0.985 | 1.090 | 0.801 | 0.820
  92 | Tusculum             |   2 | 0.436 | 1.016 | 1.108 | 0.842 | 0.693
  93 | Central Wash.        |   2 | 0.433 | 1.059 | 1.210 | 0.927 | 0.668
  94 | UNC Pembroke         |   2 | 0.427 | 1.163 | 1.195 | 0.928 | 0.708
  95 | Coker                |   2 | 0.425 | 0.962 | 1.015 | 0.793 | 0.662
  96 | Limestone            |   2 | 0.424 | 1.039 | 1.191 | 0.931 | 0.591
  96 | Azusa Pacific        |   2 | 0.424 | 0.977 | 1.178 | 0.920 | 0.683
  98 | Eastern N.M.         |   2 | 0.422 | 1.229 | 1.226 | 0.962 | 0.733
  99 | St. Anselm           |   2 | 0.419 | 1.029 | 1.204 | 0.953 | 0.590
 100 | Regis (CO)           |   2 | 0.418 | 1.011 | 1.208 | 0.958 | 0.624
 100 | Hawaii Pacific       |   2 | 0.418 | 0.923 | 1.300 | 1.030 | 0.646
 102 | Northwest Mo. St.    |   2 | 0.417 | 1.002 | 1.127 | 0.896 | 0.689
 102 | Western Wash.        |   2 | 0.417 | 0.831 | 1.130 | 0.900 | 0.654
 104 | Saginaw Valley       |   2 | 0.414 | 0.909 | 1.093 | 0.875 | 0.646
 105 | Lewis                |   2 | 0.412 | 0.989 | 1.071 | 0.861 | 0.696
 106 | LIU Post             |   2 | 0.411 | 1.023 | 0.953 | 0.769 | 0.571
 106 | Lynn                 |   2 | 0.411 | 0.947 | 1.050 | 0.847 | 0.768
 108 | Texas Woman's        |   2 | 0.410 | 0.900 | 1.482 | 1.200 | 0.763
 108 | Colorado St.-Pueblo  |   2 | 0.410 | 0.873 | 1.141 | 0.923 | 0.610
 110 | Harding              |   2 | 0.404 | 0.901 | 1.146 | 0.939 | 0.690
 111 | Newberry             |   2 | 0.401 | 0.850 | 1.131 | 0.936 | 0.668
 112 | Fort Hays St.        |   2 | 0.395 | 0.951 | 0.975 | 0.818 | 0.663
 113 | Findlay              |   2 | 0.392 | 1.297 | 0.939 | 0.795 | 0.620
 114 | Rockhurst            |   2 | 0.391 | 0.825 | 1.162 | 0.984 | 0.697
 114 | Pfeiffer             |   2 | 0.391 | 0.891 | 1.065 | 0.904 | 0.598
 116 | Francis Marion       |   2 | 0.386 | 0.997 | 0.927 | 0.797 | 0.694
 117 | Southwest Baptist    |   2 | 0.381 | 0.957 | 1.101 | 0.958 | 0.671
 118 | Oakland City         |   2 | 0.379 | 1.052 | 0.889 | 0.779 | 0.777
 119 | Lincoln Memorial     |   2 | 0.378 | 0.972 | 0.921 | 0.807 | 0.730
 119 | Ark.-Monticello      |   2 | 0.378 | 0.958 | 1.075 | 0.944 | 0.679
 121 | Gannon               |   2 | 0.376 | 0.954 | 1.085 | 0.957 | 0.553
 122 | Minn. Duluth         |   2 | 0.375 | 0.905 | 0.997 | 0.882 | 0.609
 122 | Southeastern Okla.   |   2 | 0.375 | 1.036 | 1.351 | 1.193 | 0.704
 124 | Maryville (MO)       |   2 | 0.372 | 1.052 | 1.149 | 1.025 | 0.661
 124 | St. Cloud St.        |   2 | 0.372 | 0.959 | 1.100 | 0.980 | 0.651
 126 | West Ga.             |   2 | 0.370 | 1.105 | 1.034 | 0.927 | 0.760
 127 | West Florida         |   2 | 0.369 | 0.993 | 0.981 | 0.881 | 0.765
 127 | Mount Olive          |   2 | 0.369 | 0.991 | 1.277 | 1.148 | 0.567
 129 | Bemidji St.          |   2 | 0.367 | 0.982 | 1.064 | 0.962 | 0.595
 130 | Walsh                |   2 | 0.366 | 0.948 | 0.895 | 0.810 | 0.623
 131 | Cal St. Stanislaus   |   2 | 0.365 | 1.075 | 1.014 | 0.921 | 0.731
 132 | Quincy               |   2 | 0.359 | 0.909 | 0.953 | 0.881 | 0.657
 133 | Fla. Southern        |   2 | 0.358 | 0.979 | 0.930 | 0.861 | 0.777
 134 | Northwestern Okla.   |   2 | 0.355 | 1.090 | 0.880 | 0.822 | 0.695
 135 | Colo. Christian      |   2 | 0.354 | 1.032 | 0.988 | 0.926 | 0.611
 136 | Hillsdale            |   2 | 0.352 | 1.090 | 1.093 | 1.029 | 0.629
 137 | Ouachita Baptist     |   2 | 0.351 | 0.918 | 1.009 | 0.953 | 0.691
 138 | Wheeling Jesuit      |   2 | 0.349 | 0.957 | 0.899 | 0.854 | 0.558
 139 | Southern Nazarene    |   2 | 0.346 | 1.160 | 1.018 | 0.976 | 0.713
 140 | Molloy               |   2 | 0.345 | 1.096 | 0.944 | 0.907 | 0.576
 140 | Flagler              |   2 | 0.345 | 0.876 | 1.187 | 1.140 | 0.737
 142 | Sioux Falls          |   2 | 0.344 | 0.951 | 1.014 | 0.977 | 0.629
 142 | Mary                 |   2 | 0.344 | 1.110 | 1.145 | 1.105 | 0.638
 142 | Colorado Mesa        |   2 | 0.344 | 1.005 | 1.207 | 1.165 | 0.625
 145 | Montevallo           |   2 | 0.342 | 0.952 | 1.116 | 1.082 | 0.757
 146 | Academy of Art       |   2 | 0.338 | 0.955 | 1.067 | 1.046 | 0.647
 147 | St. Joseph's (IN)    |   2 | 0.334 | 0.925 | 0.962 | 0.956 | 0.672
 148 | Queens (NY)          |   2 | 0.331 | 0.895 | 0.771 | 0.773 | 0.554
 149 | Tex. A&M-Kingsville  |   2 | 0.330 | 1.015 | 0.966 | 0.972 | 0.791
 150 | Mars Hill            |   2 | 0.329 | 0.971 | 1.008 | 1.016 | 0.658
 151 | Lander               |   2 | 0.328 | 0.927 | 0.882 | 0.891 | 0.783
 152 | Northern St.         |   2 | 0.327 | 0.850 | 0.847 | 0.858 | 0.645
 153 | Le Moyne             |   2 | 0.323 | 1.034 | 1.166 | 1.197 | 0.541
 153 | Adams St.            |   2 | 0.323 | 0.962 | 1.069 | 1.099 | 0.610
 155 | Stonehill            |   2 | 0.322 | 0.966 | 0.819 | 0.845 | 0.622
 156 | North Greenville     |   2 | 0.321 | 1.062 | 0.852 | 0.879 | 0.587
 157 | Belmont Abbey        |   2 | 0.320 | 0.923 | 1.266 | 1.311 | 0.650
 158 | Minn. St. Moorhead   |   2 | 0.318 | 1.048 | 1.106 | 1.155 | 0.618
 159 | Shepherd             |   2 | 0.315 | 0.891 | 1.098 | 1.155 | 0.538
 160 | Shippensburg         |   2 | 0.313 | 0.923 | 0.895 | 0.948 | 0.619
 161 | Wilmington (DE)      |   2 | 0.310 | 0.979 | 1.148 | 1.227 | 0.548
 162 | Lock Haven           |   2 | 0.309 | 0.858 | 0.732 | 0.784 | 0.620
 162 | Upper Iowa           |   2 | 0.309 | 1.095 | 0.782 | 0.839 | 0.683
 164 | Tiffin               |   2 | 0.307 | 0.923 | 0.928 | 1.002 | 0.640
 164 | Holy Family          |   2 | 0.307 | 0.920 | 0.929 | 1.004 | 0.496
 166 | Concordia-St. Paul   |   2 | 0.305 | 1.078 | 1.077 | 1.172 | 0.664
 167 | Ky. Wesleyan         |   2 | 0.303 | 0.872 | 0.867 | 0.950 | 0.547
 168 | Alderson Broaddus    |   2 | 0.301 | 0.946 | 0.839 | 0.926 | 0.487
 169 | Seton Hill           |   2 | 0.300 | 1.073 | 0.934 | 1.032 | 0.510
 170 | Caldwell             |   2 | 0.297 | 1.090 | 0.899 | 1.005 | 0.543
 171 | Adelphi              |   2 | 0.296 | 0.835 | 0.761 | 0.852 | 0.584
 171 | Edinboro             |   2 | 0.296 | 1.036 | 0.845 | 0.948 | 0.504
 173 | King (TN)            |   2 | 0.294 | 0.976 | 0.867 | 0.977 | 0.624
 174 | Simon Fraser         |   2 | 0.293 | 1.046 | 0.978 | 1.106 | 0.640
 175 | Southwestern Okla.   |   2 | 0.291 | 0.909 | 1.255 | 1.431 | 0.725
 176 | Fairmont St.         |   2 | 0.290 | 0.918 | 0.949 | 1.084 | 0.526
 177 | Queens (NC)          |   2 | 0.289 | 0.985 | 1.036 | 1.189 | 0.707
 178 | Chowan               |   2 | 0.288 | 0.965 | 0.966 | 1.114 | 0.440
 179 | Ohio Dominican       |   2 | 0.284 | 1.015 | 1.120 | 1.310 | 0.665
 180 | Notre Dame de Namur  |   2 | 0.283 | 0.907 | 0.907 | 1.063 | 0.651
 180 | Dominican (NY)       |   2 | 0.283 | 0.933 | 1.000 | 1.172 | 0.550
 182 | Newman               |   2 | 0.278 | 1.000 | 0.973 | 1.160 | 0.703
 183 | Drury                |   2 | 0.273 | 0.934 | 0.734 | 0.890 | 0.641
 184 | McKendree            |   2 | 0.272 | 0.948 | 0.909 | 1.107 | 0.686
 185 | Dominican (CA)       |   2 | 0.271 | 0.925 | 0.889 | 1.089 | 0.701
 186 | Cedarville           |   2 | 0.269 | 0.950 | 0.991 | 1.219 | 0.547
 187 | UC-Colo. Springs     |   2 | 0.268 | 1.167 | 0.971 | 1.200 | 0.603
 187 | Slippery Rock        |   2 | 0.268 | 0.985 | 0.919 | 1.137 | 0.548
 189 | East Stroudsburg     |   2 | 0.266 | 0.924 | 0.792 | 0.987 | 0.585
 190 | Erskine              |   2 | 0.265 | 1.116 | 0.761 | 0.953 | 0.648
 191 | West Virginia St.    |   2 | 0.264 | 1.044 | 0.859 | 1.081 | 0.549
 191 | Ferris St.           |   2 | 0.264 | 0.956 | 0.941 | 1.182 | 0.666
 193 | Western Ore.         |   2 | 0.263 | 0.829 | 0.982 | 1.236 | 0.698
 194 | Mo. Southern St.     |   2 | 0.261 | 0.869 | 0.873 | 1.110 | 0.685
 195 | Northeastern St.     |   2 | 0.260 | 0.939 | 1.108 | 1.414 | 0.679
 196 | N.M. Highlands       |   2 | 0.258 | 0.975 | 0.953 | 1.223 | 0.567
 197 | Neb.-Kearney         |   2 | 0.254 | 0.950 | 1.312 | 1.714 | 0.687
 197 | Saint Rose           |   2 | 0.254 | 1.023 | 0.671 | 0.877 | 0.538
 199 | Malone               |   2 | 0.253 | 0.921 | 1.120 | 1.467 | 0.626
 200 | San Fran. St.        |   2 | 0.252 | 0.875 | 0.863 | 1.137 | 0.726
 200 | Ga. Southwestern     |   2 | 0.252 | 0.948 | 0.868 | 1.144 | 0.692
 202 | NYIT                 |   2 | 0.251 | 1.047 | 0.899 | 1.187 | 0.538
 203 | Lake Superior St.    |   2 | 0.249 | 1.212 | 1.034 | 1.378 | 0.607
 203 | Millersville         |   2 | 0.249 | 0.932 | 0.660 | 0.878 | 0.607
 203 | Dowling              |   2 | 0.249 | 0.982 | 0.919 | 1.224 | 0.543
 206 | Rogers St.           |   2 | 0.248 | 0.920 | 0.939 | 1.256 | 0.653
 206 | New Haven            |   2 | 0.248 | 0.883 | 0.946 | 1.264 | 0.596
 208 | Fort Lewis           |   2 | 0.235 | 0.978 | 0.910 | 1.283 | 0.608
 208 | Wis.-Parkside        |   2 | 0.235 | 0.970 | 0.822 | 1.159 | 0.707
 210 | Albany St. (GA)      |   2 | 0.234 | 0.789 | 0.764 | 1.085 | 0.589
 211 | Brevard              |   2 | 0.233 | 0.911 | 0.693 | 0.984 | 0.671
 212 | Mercyhurst           |   2 | 0.231 | 0.960 | 0.732 | 1.053 | 0.561
 213 | Northwood (MI)       |   2 | 0.228 | 1.149 | 0.839 | 1.220 | 0.646
 214 | Lake Erie            |   2 | 0.223 | 1.019 | 0.879 | 1.305 | 0.605
 215 | Winston-Salem        |   2 | 0.221 | 1.001 | 0.746 | 1.120 | 0.496
 215 | Urbana               |   2 | 0.221 | 1.031 | 1.046 | 1.568 | 0.609
 217 | Post                 |   2 | 0.220 | 0.998 | 0.809 | 1.218 | 0.532
 218 | Notre Dame (OH)      |   2 | 0.219 | 0.997 | 0.788 | 1.192 | 0.589
 219 | Southern Conn. St.   |   2 | 0.218 | 1.044 | 0.757 | 1.152 | 0.583
 220 | BYU-Hawaii           |   2 | 0.217 | 1.036 | 0.883 | 1.347 | 0.655
 221 | Kentucky St.         |   2 | 0.216 | 1.198 | 0.698 | 1.070 | 0.487
 222 | Western N.M.         |   2 | 0.213 | 1.169 | 1.008 | 1.567 | 0.586
 223 | Felician             |   2 | 0.211 | 1.029 | 1.096 | 1.719 | 0.487
 223 | Merrimack            |   2 | 0.211 | 1.001 | 0.759 | 1.192 | 0.609
 223 | Missouri S&T         |   2 | 0.211 | 0.831 | 0.978 | 1.534 | 0.691
 223 | Christian Bros.      |   2 | 0.211 | 1.067 | 0.845 | 1.328 | 0.729
 227 | Colorado Mines       |   2 | 0.209 | 0.863 | 0.966 | 1.535 | 0.656
 228 | Lindenwood (MO)      |   2 | 0.206 | 0.976 | 0.797 | 1.284 | 0.674
 229 | Northwest Nazarene   |   2 | 0.205 | 1.049 | 0.944 | 1.530 | 0.670
 230 | Indiana (PA)         |   2 | 0.199 | 1.026 | 0.773 | 1.287 | 0.553
 231 | Southern Wesleyan    |   2 | 0.198 | 1.047 | 0.734 | 1.227 | 0.546
 232 | Chadron St.          |   2 | 0.196 | 1.082 | 0.899 | 1.519 | 0.636
 233 | Lane                 |   2 | 0.193 | 0.966 | 0.790 | 1.356 | 0.387
 233 | Philadelphia U.      |   2 | 0.193 | 1.147 | 0.642 | 1.103 | 0.505
 235 | Mansfield            |   2 | 0.188 | 1.266 | 0.805 | 1.418 | 0.568
 236 | Stillman             |   2 | 0.183 | 0.927 | 0.805 | 1.457 | 0.541
 237 | Davis & Elkins       |   2 | 0.182 | 0.977 | 0.764 | 1.396 | 0.518
 237 | Chaminade            |   2 | 0.182 | 1.109 | 0.735 | 1.335 | 0.660
 239 | Fayetteville St.     |   2 | 0.181 | 1.001 | 0.603 | 1.108 | 0.392
 240 | UVa-Wise             |   2 | 0.180 | 1.099 | 0.862 | 1.589 | 0.620
 240 | West Liberty         |   2 | 0.180 | 0.938 | 0.728 | 1.343 | 0.543
 242 | Emmanuel (GA)        |   2 | 0.179 | 1.007 | 0.789 | 1.464 | 0.569
 242 | USciences            |   2 | 0.179 | 1.049 | 0.775 | 1.436 | 0.530
 242 | Saint Augustine's    |   2 | 0.179 | 0.985 | 0.805 | 1.494 | 0.454
 245 | Barton               |   2 | 0.174 | 1.077 | 0.659 | 1.258 | 0.567
 246 | American Int'l       |   2 | 0.166 | 0.820 | 0.693 | 1.381 | 0.612
 247 | Tuskegee             |   2 | 0.161 | 0.950 | 0.750 | 1.549 | 0.529
 247 | Bentley              |   2 | 0.161 | 0.997 | 0.778 | 1.606 | 0.547
 247 | St. Thomas Aquinas   |   2 | 0.161 | 0.997 | 0.787 | 1.625 | 0.549
 250 | Bridgeport           |   2 | 0.156 | 1.173 | 0.712 | 1.510 | 0.552
 251 | Holy Names           |   2 | 0.155 | 1.111 | 0.600 | 1.287 | 0.661
 252 | Bloomfield           |   2 | 0.153 | 0.960 | 0.569 | 1.231 | 0.465
 252 | Southwest Minn. St.  |   2 | 0.153 | 1.004 | 0.683 | 1.480 | 0.645
 252 | Claflin              |   2 | 0.153 | 0.933 | 0.879 | 1.900 | 0.400
 255 | Tex. Permian Basin   |   2 | 0.152 | 0.921 | 0.761 | 1.656 | 0.675
 255 | Glenville St.        |   2 | 0.152 | 0.934 | 0.793 | 1.731 | 0.578
 257 | Black Hills St.      |   2 | 0.148 | 1.043 | 0.800 | 1.791 | 0.584
 258 | Chestnut Hill        |   2 | 0.144 | 1.035 | 0.507 | 1.164 | 0.551
 259 | Minn.-Crookston      |   2 | 0.139 | 0.989 | 0.652 | 1.560 | 0.646
 260 | Concordia (NY)       |   2 | 0.135 | 0.919 | 0.577 | 1.417 | 0.515
 261 | Mercy                |   2 | 0.129 | 1.078 | 0.510 | 1.309 | 0.544
 262 | Georgian Court       |   2 | 0.128 | 1.002 | 0.867 | 2.251 | 0.525
 263 | Clarion              |   2 | 0.122 | 1.005 | 0.586 | 1.593 | 0.531
 264 | Nyack                |   2 | 0.120 | 1.018 | 0.450 | 1.243 | 0.488
 265 | Virginia Union       |   2 | 0.119 | 1.066 | 0.836 | 2.335 | 0.356
 266 | Okla. Panhandle      |   2 | 0.118 | 1.186 | 0.539 | 1.517 | 0.656
 267 | Ohio Valley          |   2 | 0.114 | 1.010 | 0.623 | 1.805 | 0.526
 268 | Pitt.-Johnstown      |   2 | 0.113 | 0.989 | 0.616 | 1.802 | 0.566
 269 | Lincoln (MO)         |   2 | 0.111 | 0.992 | 0.639 | 1.916 | 0.672
 270 | Ursuline             |   2 | 0.100 | 0.984 | 0.572 | 1.900 | 0.479
 271 | Salem Int'l          |   2 | 0.099 | 0.986 | 0.602 | 2.019 | 0.508
 272 | Fort Valley St.      |   2 | 0.098 | 1.079 | 0.619 | 2.097 | 0.448
 273 | Saint Michael's      |   2 | 0.097 | 0.968 | 0.560 | 1.925 |      
 274 | Miles                |   2 | 0.095 | 0.976 | 0.557 | 1.937 | 0.634
 275 | Lees-McRae           |   2 | 0.094 | 1.046 | 0.473 | 1.663 | 0.581
 276 | Johnson C. Smith     |   2 | 0.091 | 0.960 | 0.486 | 1.767 | 0.410
 277 | Goldey-Beacom        |   2 | 0.088 | 0.867 | 0.599 | 2.268 | 0.521
 278 | Bowie St.            |   2 | 0.087 | 0.984 | 0.520 | 1.976 | 0.440
 279 | Bluefield St.        |   2 | 0.080 | 0.897 | 0.459 | 1.908 | 0.495
 280 | Benedict             |   2 | 0.078 | 1.000 | 0.700 | 2.991 | 0.372
 280 | Elizabeth City St.   |   2 | 0.078 | 0.964 | 0.576 | 2.436 | 0.430
 282 | Shaw                 |   2 | 0.074 | 0.983 | 0.507 | 2.263 | 0.433
 283 | Virginia St.         |   2 | 0.073 | 1.179 | 0.440 | 2.009 | 0.381
 284 | Clark Atlanta        |   2 | 0.067 | 1.019 | 0.501 | 2.490 | 0.449
 285 | Livingstone          |   2 | 0.064 | 1.028 | 0.571 | 2.936 | 0.386
 286 | Paine                |   2 | 0.034 | 1.135 | 0.365 | 3.516 | 0.414
 286 | LeMoyne-Owen         |   2 | 0.034 | 0.991 | 0.352 | 3.481 | 0.504
 288 | Lincoln (PA)         |   2 | 0.022 | 1.082 | 0.319 | 4.852 | 0.410
(288 rows)

 rk  |        school        | div |  str  | park  |  ofs  |  dfs  |  sos  
-----+----------------------+-----+-------+-------+-------+-------+-------
   1 | Salisbury            |   3 | 0.743 | 0.982 | 2.124 | 0.344 | 0.498
   2 | Texas-Tyler          |   3 | 0.737 | 1.007 | 2.214 | 0.362 | 0.428
   3 | Va. Wesleyan         |   3 | 0.592 | 0.915 | 1.661 | 0.337 | 0.485
   4 | Trine                |   3 | 0.568 | 1.055 | 1.848 | 0.391 | 0.484
   5 | Rowan                |   3 | 0.561 | 1.019 | 1.976 | 0.424 | 0.430
   6 | Emory                |   3 | 0.470 | 0.969 | 1.982 | 0.507 | 0.524
   7 | Luther               |   3 | 0.466 | 1.020 | 1.997 | 0.515 | 0.458
   8 | Linfield             |   3 | 0.450 | 0.942 | 1.653 | 0.442 | 0.483
   9 | Birmingham-So.       |   3 | 0.440 | 0.956 | 1.636 | 0.447 | 0.426
  10 | Averett              |   3 | 0.433 | 1.119 | 1.782 | 0.495 | 0.450
  11 | Tufts                |   3 | 0.432 | 0.944 | 1.722 | 0.479 | 0.413
  12 | Lynchburg            |   3 | 0.423 | 0.983 | 1.851 | 0.526 | 0.519
  13 | Whitworth            |   3 | 0.415 | 1.062 | 1.244 | 0.360 | 0.486
  14 | Washington-St. Louis |   3 | 0.397 | 0.955 | 1.552 | 0.471 | 0.450
  14 | North Central (IL)   |   3 | 0.397 | 1.085 | 1.893 | 0.573 | 0.447
  16 | Texas Lutheran       |   3 | 0.391 | 0.924 | 1.567 | 0.482 | 0.401
  17 | Hope                 |   3 | 0.383 | 1.071 | 1.591 | 0.500 | 0.470
  18 | Ill. Wesleyan        |   3 | 0.378 | 0.931 | 1.852 | 0.589 | 0.484
  19 | Augustana (IL)       |   3 | 0.377 | 0.954 | 1.895 | 0.605 | 0.455
  20 | Moravian             |   3 | 0.375 | 0.941 | 1.257 | 0.404 | 0.434
  21 | East Tex. Baptist    |   3 | 0.362 | 0.936 | 1.938 | 0.644 | 0.460
  22 | Simpson              |   3 | 0.358 | 0.963 | 1.327 | 0.446 | 0.458
  23 | Wis.-Whitewater      |   3 | 0.351 | 0.914 | 1.690 | 0.578 | 0.467
  23 | Aurora               |   3 | 0.351 | 0.943 | 1.508 | 0.517 | 0.427
  25 | Claremont-M-S        |   3 | 0.346 | 0.878 | 1.535 | 0.534 | 0.461
  26 | Chris. Newport       |   3 | 0.334 | 1.055 | 1.735 | 0.624 | 0.516
  27 | Berry                |   3 | 0.332 | 1.042 | 1.513 | 0.548 | 0.431
  28 | Anderson (IN)        |   3 | 0.326 | 1.012 | 1.558 | 0.574 | 0.480
  29 | St. Thomas (MN)      |   3 | 0.315 | 0.919 | 1.764 | 0.673 | 0.448
  30 | St. Catherine        |   3 | 0.313 | 0.913 | 1.209 | 0.464 | 0.370
  31 | Pacific (OR)         |   3 | 0.310 | 0.954 | 1.595 | 0.618 | 0.512
  32 | Williams             |   3 | 0.300 | 0.877 | 1.515 | 0.607 | 0.403
  33 | Guilford             |   3 | 0.299 | 1.028 | 1.563 | 0.629 | 0.475
  34 | Central (IA)         |   3 | 0.296 | 0.939 | 1.605 | 0.652 | 0.453
  35 | Wm. Paterson         |   3 | 0.292 | 1.027 | 0.930 | 0.384 | 0.457
  36 | Frank. & Marsh.      |   3 | 0.291 | 0.978 | 1.356 | 0.560 | 0.408
  37 | Widener              |   3 | 0.289 | 1.103 | 1.404 | 0.584 | 0.445
  38 | Lake Forest          |   3 | 0.282 | 0.870 | 1.329 | 0.566 | 0.398
  39 | Gettysburg           |   3 | 0.279 | 1.206 | 1.355 | 0.584 | 0.430
  40 | Stevens              |   3 | 0.276 | 1.006 | 1.389 | 0.606 | 0.456
  41 | Randolph-Macon       |   3 | 0.273 | 0.952 | 1.275 | 0.562 | 0.479
  42 | Stockton             |   3 | 0.272 | 1.023 | 1.242 | 0.549 | 0.439
  42 | Mary Washington      |   3 | 0.272 | 0.965 | 1.344 | 0.594 | 0.480
  44 | Louisiana Col.       |   3 | 0.271 | 0.975 | 1.390 | 0.618 | 0.438
  45 | McDaniel             |   3 | 0.267 | 0.976 | 1.412 | 0.636 | 0.439
  46 | Albright             |   3 | 0.265 | 0.974 | 1.151 | 0.522 | 0.370
  47 | Case                 |   3 | 0.259 | 1.004 | 1.863 | 0.866 | 0.464
  47 | George Fox           |   3 | 0.259 | 0.952 | 1.408 | 0.653 | 0.469
  49 | Wartburg             |   3 | 0.258 | 1.035 | 1.241 | 0.579 | 0.435
  49 | St. John Fisher      |   3 | 0.258 | 1.092 | 1.170 | 0.546 | 0.431
  51 | Elmhurst             |   3 | 0.256 | 1.030 | 1.496 | 0.703 | 0.443
  52 | Ramapo               |   3 | 0.254 | 0.903 | 1.505 | 0.713 | 0.457
  52 | TCNJ                 |   3 | 0.254 | 1.016 | 1.446 | 0.684 | 0.479
  54 | Gust. Adolphus       |   3 | 0.251 | 0.904 | 1.391 | 0.667 | 0.475
  54 | York (PA)            |   3 | 0.251 | 0.989 | 1.106 | 0.530 | 0.469
  56 | St. Mary's (IN)      |   3 | 0.248 | 1.034 | 1.343 | 0.652 | 0.463
  57 | Alfred               |   3 | 0.247 | 1.089 | 1.582 | 0.771 | 0.379
  58 | Messiah              |   3 | 0.246 | 1.047 | 1.232 | 0.603 | 0.479
  59 | Piedmont             |   3 | 0.245 | 1.083 | 1.539 | 0.756 | 0.492
  60 | SUNY Oneonta         |   3 | 0.243 | 1.038 | 1.094 | 0.541 | 0.420
  61 | Coe                  |   3 | 0.241 | 0.973 | 1.237 | 0.618 | 0.446
  62 | DePauw               |   3 | 0.240 | 1.085 | 1.278 | 0.640 | 0.509
  63 | Saint Mary's (MN)    |   3 | 0.239 | 1.059 | 1.204 | 0.607 | 0.485
  64 | Wis.-Eau Claire      |   3 | 0.238 | 1.106 | 1.379 | 0.696 | 0.500
  65 | Whittier             |   3 | 0.237 | 1.055 | 1.508 | 0.764 | 0.482
  66 | Adrian               |   3 | 0.236 | 0.947 | 1.527 | 0.777 | 0.470
  67 | Heidelberg           |   3 | 0.234 | 1.070 | 1.568 | 0.806 | 0.442
  68 | Alma                 |   3 | 0.232 | 0.936 | 1.086 | 0.564 | 0.484
  69 | Rutgers-Camden       |   3 | 0.231 | 0.936 | 1.157 | 0.603 | 0.428
  70 | Bluffton             |   3 | 0.230 | 1.112 | 1.454 | 0.760 | 0.465
  70 | Bethel (MN)          |   3 | 0.230 | 0.906 | 1.610 | 0.841 | 0.447
  70 | LaGrange             |   3 | 0.230 | 1.065 | 1.255 | 0.657 | 0.460
  70 | Rensselaer           |   3 | 0.230 | 0.909 | 1.221 | 0.639 | 0.432
  74 | Wheaton (MA)         |   3 | 0.229 | 1.033 | 1.179 | 0.620 | 0.437
  75 | East. Mennonite      |   3 | 0.228 | 0.969 | 1.674 | 0.885 | 0.451
  75 | Franklin             |   3 | 0.228 | 1.055 | 1.142 | 0.602 | 0.422
  77 | Neb. Wesleyan        |   3 | 0.225 | 0.929 | 1.354 | 0.724 | 0.367
  78 | Alvernia             |   3 | 0.223 | 0.979 | 1.417 | 0.765 | 0.446
  79 | Ferrum               |   3 | 0.222 | 1.086 | 1.167 | 0.632 | 0.486
  79 | Rochester (NY)       |   3 | 0.222 | 0.985 | 1.409 | 0.762 | 0.455
  81 | MIT                  |   3 | 0.221 | 1.041 | 1.058 | 0.576 | 0.427
  82 | Fontbonne            |   3 | 0.220 | 0.909 | 0.954 | 0.521 | 0.429
  82 | SUNY Cortland        |   3 | 0.220 | 0.852 | 1.054 | 0.575 | 0.440
  84 | Salem                |   3 | 0.219 | 1.065 | 1.137 | 0.626 | 0.447
  84 | Susquehanna          |   3 | 0.219 | 0.842 | 1.566 | 0.862 | 0.436
  84 | Grove City           |   3 | 0.219 | 0.988 | 1.190 | 0.654 | 0.374
  87 | Randolph             |   3 | 0.218 | 0.891 | 1.372 | 0.757 | 0.462
  88 | Roanoke              |   3 | 0.217 | 0.967 | 1.259 | 0.697 | 0.508
  88 | Wis.-La Crosse       |   3 | 0.217 | 0.944 | 1.267 | 0.703 | 0.463
  90 | Wis.-Superior        |   3 | 0.216 | 0.959 | 1.144 | 0.637 | 0.433
  91 | Millsaps             |   3 | 0.215 | 0.991 | 1.135 | 0.634 | 0.430
  92 | Saint Benedict       |   3 | 0.213 | 1.113 | 1.615 | 0.911 | 0.457
  93 | Wheaton (IL)         |   3 | 0.211 | 1.159 | 1.303 | 0.743 | 0.494
  94 | Kenyon               |   3 | 0.210 | 1.132 | 1.277 | 0.730 | 0.386
  95 | Arcadia              |   3 | 0.209 | 0.993 | 1.222 | 0.702 | 0.448
  96 | Southwestern (TX)    |   3 | 0.208 | 1.038 | 1.469 | 0.848 | 0.406
  97 | WPI                  |   3 | 0.207 | 1.004 | 1.155 | 0.670 | 0.401
  98 | Pacific Lutheran     |   3 | 0.206 | 1.075 | 1.385 | 0.808 | 0.523
  98 | Neumann              |   3 | 0.206 | 1.057 | 1.020 | 0.594 | 0.333
 100 | Capital              |   3 | 0.205 | 0.823 | 1.377 | 0.806 | 0.458
 100 | N.C. Wesleyan        |   3 | 0.205 | 1.061 | 1.391 | 0.817 | 0.485
 102 | Wis.-Oshkosh         |   3 | 0.204 | 1.141 | 1.248 | 0.737 | 0.437
 103 | Emory & Henry        |   3 | 0.202 | 1.063 | 1.213 | 0.721 | 0.436
 104 | Haverford            |   3 | 0.201 | 0.917 | 1.161 | 0.696 | 0.444
 105 | Mary Hardin-Baylor   |   3 | 0.199 | 0.809 | 1.454 | 0.880 | 0.447
 106 | Wittenberg           |   3 | 0.196 | 1.060 | 1.018 | 0.626 | 0.470
 107 | Frostburg St.        |   3 | 0.194 | 1.014 | 1.153 | 0.716 | 0.456
 107 | Stevenson            |   3 | 0.194 | 0.966 | 1.480 | 0.917 | 0.498
 109 | Eastern Conn. St.    |   3 | 0.193 | 0.958 | 1.009 | 0.629 | 0.395
 110 | Chapman              |   3 | 0.192 | 0.924 | 1.110 | 0.697 | 0.476
 111 | Wis.-River Falls     |   3 | 0.189 | 1.070 | 1.345 | 0.857 | 0.475
 112 | Olivet               |   3 | 0.186 | 1.027 | 1.023 | 0.663 | 0.431
 112 | Western Conn. St.    |   3 | 0.186 | 1.007 | 0.887 | 0.574 | 0.381
 114 | La Verne             |   3 | 0.184 | 0.948 | 1.345 | 0.880 | 0.484
 114 | King's (PA)          |   3 | 0.184 | 0.947 | 1.938 | 1.269 | 0.372
 116 | Penn St. Harrisburg  |   3 | 0.183 | 1.026 | 1.216 | 0.800 | 0.451
 116 | Ohio Wesleyan        |   3 | 0.183 | 0.987 | 1.319 | 0.866 | 0.423
 118 | Rose-Hulman          |   3 | 0.182 | 1.164 | 1.144 | 0.756 | 0.408
 118 | Wellesley            |   3 | 0.182 | 0.896 | 1.623 | 1.071 | 0.433
 120 | Brandeis             |   3 | 0.181 | 0.952 | 1.361 | 0.905 | 0.403
 121 | Bowdoin              |   3 | 0.179 | 0.887 | 1.424 | 0.958 | 0.413
 121 | Western New Eng.     |   3 | 0.179 | 0.961 | 0.952 | 0.640 | 0.365
 121 | Ohio Northern        |   3 | 0.179 | 1.135 | 1.070 | 0.718 | 0.451
 124 | Cornell College      |   3 | 0.178 | 0.950 | 1.168 | 0.788 | 0.365
 125 | Brockport            |   3 | 0.177 | 0.926 | 1.084 | 0.738 | 0.413
 126 | Lycoming             |   3 | 0.176 | 0.861 | 0.986 | 0.675 | 0.422
 127 | Wash. & Jeff.        |   3 | 0.175 | 0.954 | 1.006 | 0.693 | 0.392
 128 | William Peace        |   3 | 0.174 | 1.036 | 1.554 | 1.076 | 0.485
 129 | Saint Vincent        |   3 | 0.173 | 0.964 | 1.228 | 0.852 | 0.386
 129 | Greensboro           |   3 | 0.173 | 1.076 | 1.368 | 0.953 | 0.464
 131 | Smith                |   3 | 0.172 | 1.128 | 1.116 | 0.783 | 0.426
 131 | Concordia Wisconsin  |   3 | 0.172 | 0.877 | 1.136 | 0.796 | 0.386
 131 | Hardin-Simmons       |   3 | 0.172 | 1.103 | 1.320 | 0.922 | 0.459
 134 | Mt. St. Mary (NY)    |   3 | 0.171 | 0.935 | 1.118 | 0.786 | 0.364
 134 | Muskingum            |   3 | 0.171 | 1.183 | 1.195 | 0.841 | 0.438
 136 | Cal Lutheran         |   3 | 0.170 | 1.161 | 1.170 | 0.829 | 0.477
 137 | Misericordia         |   3 | 0.169 | 0.999 | 1.240 | 0.883 | 0.404
 138 | Greenville           |   3 | 0.166 | 1.003 | 1.438 | 1.042 | 0.391
 138 | Denison              |   3 | 0.166 | 0.895 | 1.096 | 0.795 | 0.415
 138 | Utica                |   3 | 0.166 | 1.070 | 1.313 | 0.953 | 0.436
 138 | Willamette           |   3 | 0.166 | 1.047 | 1.366 | 0.993 | 0.523
 142 | Middlebury           |   3 | 0.165 | 0.915 | 1.110 | 0.812 | 0.419
 142 | Dominican (IL)       |   3 | 0.165 | 0.986 | 1.171 | 0.851 | 0.362
 142 | Texas-Dallas         |   3 | 0.165 | 1.041 | 1.293 | 0.944 | 0.443
 145 | Ithaca               |   3 | 0.163 | 0.933 | 1.209 | 0.893 | 0.489
 146 | Wesley               |   3 | 0.161 | 1.036 | 1.139 | 0.852 | 0.376
 147 | Wis.-Stevens Point   |   3 | 0.160 | 1.000 | 1.199 | 0.903 | 0.479
 148 | Endicott             |   3 | 0.159 | 0.982 | 1.283 | 0.970 | 0.376
 148 | Southern Me.         |   3 | 0.159 | 0.958 | 1.003 | 0.760 | 0.372
 148 | Lebanon Valley       |   3 | 0.159 | 1.025 | 1.091 | 0.825 | 0.487
 148 | Amherst              |   3 | 0.159 | 0.907 | 1.531 | 1.159 | 0.441
 148 | Babson               |   3 | 0.159 | 0.918 | 0.924 | 0.700 | 0.424
 153 | Benedictine (IL)     |   3 | 0.157 | 0.937 | 1.272 | 0.975 | 0.385
 153 | Kean                 |   3 | 0.157 | 0.839 | 0.997 | 0.765 | 0.444
 155 | Meredith             |   3 | 0.155 | 1.041 | 1.170 | 0.910 | 0.447
 156 | Buena Vista          |   3 | 0.154 | 1.106 | 1.238 | 0.967 | 0.503
 157 | Wooster              |   3 | 0.153 | 1.077 | 1.216 | 0.955 | 0.413
 158 | Staten Island        |   3 | 0.152 | 0.984 | 1.287 | 1.017 | 0.341
 159 | Westfield St.        |   3 | 0.151 | 1.003 | 1.099 | 0.878 | 0.406
 159 | John Carroll         |   3 | 0.151 | 1.014 | 1.196 | 0.953 | 0.437
 159 | Mount Union          |   3 | 0.151 | 1.112 | 1.152 | 0.920 | 0.433
 159 | Dubuque              |   3 | 0.151 | 0.859 | 1.033 | 0.822 | 0.469
 159 | Lawrence             |   3 | 0.151 | 0.986 | 1.091 | 0.871 | 0.368
 164 | Thomas More          |   3 | 0.150 | 1.014 | 1.082 | 0.865 | 0.433
 164 | Cabrini              |   3 | 0.150 | 1.005 | 0.875 | 0.700 | 0.337
 166 | Hamilton             |   3 | 0.146 | 1.079 | 1.346 | 1.112 | 0.406
 166 | Monmouth (IL)        |   3 | 0.146 | 1.110 | 1.135 | 0.933 | 0.458
 166 | Hamline              |   3 | 0.146 | 0.963 | 0.949 | 0.783 | 0.447
 169 | SUNY Geneseo         |   3 | 0.145 | 0.878 | 1.023 | 0.847 | 0.417
 169 | SUNY New Paltz       |   3 | 0.145 | 0.948 | 1.180 | 0.980 | 0.388
 169 | Muhlenberg           |   3 | 0.145 | 0.870 | 1.156 | 0.959 | 0.467
 169 | Chicago              |   3 | 0.145 | 0.898 | 1.086 | 0.903 | 0.480
 173 | Lewis & Clark        |   3 | 0.144 | 0.961 | 1.202 | 1.004 | 0.525
 174 | Montclair St.        |   3 | 0.143 | 1.016 | 1.112 | 0.936 | 0.418
 174 | Huntingdon           |   3 | 0.143 | 1.020 | 0.898 | 0.753 | 0.474
 174 | Buffalo St.          |   3 | 0.143 | 0.905 | 1.345 | 1.133 | 0.410
 177 | Gwynedd Mercy        |   3 | 0.142 | 1.113 | 0.844 | 0.718 | 0.337
 177 | Wis.-Stout           |   3 | 0.142 | 1.047 | 0.958 | 0.809 | 0.489
 179 | Presentation         |   3 | 0.141 | 0.925 | 1.407 | 1.199 | 0.467
 180 | Dickinson            |   3 | 0.140 | 1.131 | 1.218 | 1.044 | 0.433
 180 | Catholic             |   3 | 0.140 | 1.000 | 1.148 | 0.987 | 0.408
 180 | Rhodes               |   3 | 0.140 | 1.016 | 1.173 | 1.011 | 0.465
 183 | Thiel                |   3 | 0.139 | 1.104 | 1.065 | 0.924 | 0.394
 184 | Redlands             |   3 | 0.138 | 1.060 | 1.278 | 1.112 | 0.491
 184 | Manchester           |   3 | 0.138 | 0.923 | 1.235 | 1.080 | 0.457
 186 | Hanover              |   3 | 0.136 | 0.985 | 1.267 | 1.117 | 0.434
 186 | St. Lawrence         |   3 | 0.136 | 0.931 | 1.002 | 0.890 | 0.387
 188 | Kalamazoo            |   3 | 0.135 | 1.080 | 1.113 | 0.993 | 0.476
 188 | Husson               |   3 | 0.135 | 1.000 | 0.843 | 0.751 | 0.417
 188 | Maryville (TN)       |   3 | 0.135 | 0.972 | 1.037 | 0.922 | 0.506
 188 | Pomona-Pitzer        |   3 | 0.135 | 1.063 | 1.090 | 0.970 | 0.474
 188 | Dallas               |   3 | 0.135 | 0.959 | 0.996 | 0.885 | 0.411
 188 | Carleton             |   3 | 0.135 | 0.940 | 0.995 | 0.888 | 0.438
 188 | Bethany (WV)         |   3 | 0.135 | 0.960 | 1.134 | 1.012 | 0.401
 195 | Keene St.            |   3 | 0.134 | 1.012 | 0.966 | 0.869 | 0.411
 196 | Marietta             |   3 | 0.133 | 1.103 | 0.958 | 0.869 | 0.442
 196 | Centre               |   3 | 0.133 | 1.054 | 0.953 | 0.861 | 0.427
 198 | Macalester           |   3 | 0.132 | 0.950 | 1.080 | 0.981 | 0.404
 198 | Wis.-Platteville     |   3 | 0.132 | 1.167 | 0.937 | 0.856 | 0.459
 198 | Transylvania         |   3 | 0.132 | 1.188 | 0.920 | 0.836 | 0.435
 201 | Mt. St. Joseph       |   3 | 0.131 | 1.068 | 0.992 | 0.912 | 0.418
 201 | Simmons              |   3 | 0.131 | 0.906 | 0.853 | 0.786 | 0.360
 203 | St. Joseph's (ME)    |   3 | 0.129 | 0.971 | 1.287 | 1.205 | 0.346
 204 | Westminster (PA)     |   3 | 0.128 | 1.053 | 0.905 | 0.852 | 0.384
 204 | Ursinus              |   3 | 0.128 | 1.086 | 1.160 | 1.087 | 0.420
 206 | Otterbein            |   3 | 0.127 | 1.242 | 1.148 | 1.089 | 0.460
 206 | Elizabethtown        |   3 | 0.127 | 0.880 | 0.977 | 0.924 | 0.452
 208 | Lakeland             |   3 | 0.126 | 0.935 | 1.281 | 1.227 | 0.369
 208 | Bridgewater St.      |   3 | 0.126 | 0.984 | 0.957 | 0.917 | 0.365
 210 | Nazareth             |   3 | 0.125 | 1.062 | 0.908 | 0.871 | 0.415
 210 | Agnes Scott          |   3 | 0.125 | 0.985 | 1.177 | 1.137 | 0.464
 212 | Millikin             |   3 | 0.124 | 0.918 | 1.300 | 1.263 | 0.501
 213 | Colby                |   3 | 0.123 | 0.960 | 0.778 | 0.759 | 0.397
 214 | Plattsburgh St.      |   3 | 0.122 | 0.953 | 0.743 | 0.733 | 0.408
 214 | Methodist            |   3 | 0.122 | 0.977 | 0.944 | 0.930 | 0.459
 216 | Worcester St.        |   3 | 0.121 | 0.995 | 1.133 | 1.127 | 0.388
 217 | Covenant             |   3 | 0.119 | 1.027 | 1.270 | 1.282 | 0.444
 217 | St. Scholastica      |   3 | 0.119 | 0.950 | 1.207 | 1.219 | 0.348
 219 | Shenandoah           |   3 | 0.118 | 1.084 | 1.071 | 1.093 | 0.520
 219 | Farmingdale St.      |   3 | 0.118 | 1.050 | 1.113 | 1.132 | 0.388
 221 | Roger Williams       |   3 | 0.115 | 1.086 | 0.971 | 1.012 | 0.345
 222 | Concordia-M'head     |   3 | 0.112 | 0.941 | 0.951 | 1.019 | 0.410
 222 | Waynesburg           |   3 | 0.112 | 0.926 | 1.087 | 1.171 | 0.377
 222 | Washington Col.      |   3 | 0.112 | 1.010 | 0.815 | 0.876 | 0.485
 225 | Union (NY)           |   3 | 0.111 | 0.970 | 0.809 | 0.878 | 0.430
 225 | Suffolk              |   3 | 0.111 | 1.114 | 0.882 | 0.953 | 0.330
 225 | La Roche             |   3 | 0.111 | 1.077 | 0.955 | 1.034 | 0.326
 225 | Baldwin Wallace      |   3 | 0.111 | 1.076 | 0.837 | 0.909 | 0.406
 229 | D'Youville           |   3 | 0.110 | 0.937 | 0.688 | 0.756 | 0.351
 230 | Webster              |   3 | 0.109 | 0.842 | 1.654 | 1.822 | 0.423
 231 | U New England        |   3 | 0.108 | 0.960 | 1.192 | 1.325 | 0.357
 231 | Carroll (WI)         |   3 | 0.108 | 1.003 | 0.898 | 1.005 | 0.371
 231 | Salem St.            |   3 | 0.108 | 0.963 | 1.094 | 1.219 | 0.361
 234 | Calvin               |   3 | 0.107 | 0.958 | 1.260 | 1.413 | 0.469
 235 | Penn St.-Berks       |   3 | 0.106 | 1.077 | 0.764 | 0.870 | 0.361
 235 | Scranton             |   3 | 0.106 | 1.203 | 0.957 | 1.089 | 0.370
 235 | Penn St.-Altoona     |   3 | 0.106 | 0.963 | 1.082 | 1.227 | 0.354
 238 | Rutgers-Newark       |   3 | 0.105 | 1.046 | 1.051 | 1.200 | 0.438
 238 | Penn St.-Behrend     |   3 | 0.105 | 1.062 | 0.834 | 0.959 | 0.361
 240 | Allegheny            |   3 | 0.104 | 0.975 | 1.106 | 1.284 | 0.452
 241 | St. Norbert          |   3 | 0.103 | 0.925 | 0.986 | 1.151 | 0.437
 241 | Illinois Col.        |   3 | 0.103 | 1.027 | 0.698 | 0.816 | 0.408
 243 | Carthage             |   3 | 0.102 | 1.029 | 0.879 | 1.033 | 0.432
 244 | Wilkes               |   3 | 0.101 | 0.990 | 0.957 | 1.135 | 0.358
 244 | Bridgewater (VA)     |   3 | 0.101 | 0.923 | 0.891 | 1.057 | 0.444
 244 | Salve Regina         |   3 | 0.101 | 0.917 | 0.985 | 1.169 | 0.382
 244 | Swarthmore           |   3 | 0.101 | 1.006 | 0.900 | 1.072 | 0.397
 244 | Coast Guard          |   3 | 0.101 | 1.175 | 0.910 | 1.088 | 0.399
 249 | Castleton            |   3 | 0.100 | 0.990 | 0.641 | 0.773 | 0.356
 250 | Wesleyan (CT)        |   3 | 0.099 | 1.083 | 0.842 | 1.021 | 0.427
 250 | LeTourneau           |   3 | 0.099 | 0.984 | 0.757 | 0.919 | 0.453
 252 | Springfield          |   3 | 0.097 | 1.091 | 0.878 | 1.092 | 0.431
 252 | Trinity (TX)         |   3 | 0.097 | 0.922 | 0.926 | 1.144 | 0.501
 252 | St. Joseph's (L.I.)  |   3 | 0.097 | 1.046 | 0.791 | 0.977 | 0.373
 252 | Wesleyan (GA)        |   3 | 0.097 | 1.026 | 0.808 | 1.007 | 0.387
 256 | Emmanuel (MA)        |   3 | 0.096 | 1.143 | 0.955 | 1.193 | 0.325
 256 | Brooklyn             |   3 | 0.096 | 1.036 | 1.137 | 1.426 | 0.314
 256 | Juniata              |   3 | 0.096 | 0.959 | 1.152 | 1.448 | 0.405
 256 | Schreiner            |   3 | 0.096 | 0.960 | 0.998 | 1.251 | 0.443
 260 | Hendrix              |   3 | 0.095 | 1.062 | 1.114 | 1.407 | 0.419
 260 | Manhattanville       |   3 | 0.095 | 0.924 | 1.321 | 1.675 | 0.386
 260 | NYU                  |   3 | 0.095 | 0.930 | 1.056 | 1.335 | 0.366
 263 | MacMurray            |   3 | 0.094 | 0.927 | 0.821 | 1.051 | 0.359
 263 | Concordia Chicago    |   3 | 0.094 | 0.936 | 0.959 | 1.233 | 0.396
 263 | Regis (MA)           |   3 | 0.094 | 1.046 | 0.740 | 0.946 | 0.306
 263 | Penn St.-Abington    |   3 | 0.094 | 1.037 | 0.997 | 1.270 | 0.334
 267 | Loras                |   3 | 0.093 | 1.011 | 0.826 | 1.065 | 0.419
 268 | Johnson & Wales (RI) |   3 | 0.091 | 0.949 | 0.848 | 1.119 | 0.359
 268 | Eastern              |   3 | 0.091 | 1.108 | 1.069 | 1.421 | 0.415
 268 | Spalding             |   3 | 0.091 | 1.106 | 0.931 | 1.235 | 0.397
 271 | St. Joseph (CT)      |   3 | 0.090 | 0.977 | 0.797 | 1.062 | 0.359
 272 | Emerson              |   3 | 0.089 | 0.930 | 0.891 | 1.206 | 0.382
 272 | Marian (WI)          |   3 | 0.089 | 0.929 | 0.907 | 1.227 | 0.394
 274 | DeSales              |   3 | 0.088 | 1.090 | 0.828 | 1.129 | 0.417
 274 | Skidmore             |   3 | 0.088 | 1.056 | 0.894 | 1.222 | 0.425
 274 | Austin               |   3 | 0.088 | 1.046 | 0.671 | 0.922 | 0.404
 277 | MCLA                 |   3 | 0.087 | 0.929 | 0.880 | 1.216 | 0.393
 277 | Lasell               |   3 | 0.087 | 0.994 | 0.791 | 1.092 | 0.368
 277 | Purchase             |   3 | 0.087 | 0.976 | 0.933 | 1.283 | 0.298
 280 | Becker               |   3 | 0.086 | 0.936 | 0.775 | 1.083 | 0.335
 280 | Pitt.-Greensburg     |   3 | 0.086 | 0.966 | 0.759 | 1.065 | 0.351
 280 | Wilson               |   3 | 0.086 | 1.146 | 0.678 | 0.951 | 0.307
 280 | Newbury              |   3 | 0.086 | 1.022 | 0.914 | 1.285 | 0.334
 280 | Mt. St. Vincent      |   3 | 0.086 | 1.014 | 0.746 | 1.044 | 0.350
 285 | Albertus Magnus      |   3 | 0.085 | 0.965 | 0.679 | 0.960 | 0.362
 285 | Hood                 |   3 | 0.085 | 1.033 | 1.021 | 1.452 | 0.496
 285 | Rhode Island Col.    |   3 | 0.085 | 1.081 | 1.043 | 1.475 | 0.423
 285 | Sage Colleges        |   3 | 0.085 | 0.943 | 0.846 | 1.193 | 0.378
 285 | Alverno              |   3 | 0.085 | 1.082 | 0.576 | 0.818 | 0.345
 290 | Eureka               |   3 | 0.084 | 1.070 | 0.867 | 1.238 | 0.376
 290 | Medaille             |   3 | 0.084 | 1.018 | 0.930 | 1.338 | 0.342
 292 | Defiance             |   3 | 0.083 | 0.987 | 0.607 | 0.882 | 0.449
 293 | Norwich              |   3 | 0.082 | 1.103 | 1.092 | 1.594 | 0.346
 293 | Fredonia             |   3 | 0.082 | 1.025 | 0.824 | 1.208 | 0.411
 295 | Bates                |   3 | 0.080 | 0.969 | 0.880 | 1.328 | 0.420
 295 | Cobleskill St.       |   3 | 0.080 | 1.124 | 0.902 | 1.353 | 0.283
 297 | Ozarks (AR)          |   3 | 0.079 | 1.018 | 0.943 | 1.435 | 0.434
 297 | New England Col.     |   3 | 0.079 | 1.062 | 0.885 | 1.344 | 0.342
 297 | Fitchburg St.        |   3 | 0.079 | 0.975 | 0.592 | 0.906 | 0.349
 297 | Occidental           |   3 | 0.079 | 1.094 | 0.704 | 1.072 | 0.488
 297 | Mount Aloysius       |   3 | 0.079 | 1.061 | 0.719 | 1.089 | 0.348
 297 | Centenary (LA)       |   3 | 0.079 | 1.049 | 0.799 | 1.223 | 0.406
 297 | Geneva               |   3 | 0.079 | 1.070 | 0.712 | 1.083 | 0.384
 304 | Albion               |   3 | 0.078 | 1.055 | 0.893 | 1.370 | 0.474
 305 | Beloit               |   3 | 0.077 | 1.016 | 0.784 | 1.219 | 0.401
 305 | Augsburg             |   3 | 0.077 | 0.907 | 0.742 | 1.164 | 0.417
 305 | Concordia (TX)       |   3 | 0.077 | 0.943 | 0.775 | 1.214 | 0.468
 305 | Curry                |   3 | 0.077 | 0.907 | 0.699 | 1.096 | 0.344
 305 | Rochester Inst.      |   3 | 0.077 | 1.057 | 0.718 | 1.125 | 0.435
 310 | UMass Dartmouth      |   3 | 0.076 | 0.914 | 0.801 | 1.264 | 0.387
 310 | Me.-Farmington       |   3 | 0.076 | 0.988 | 0.793 | 1.256 | 0.335
 312 | Puget Sound          |   3 | 0.075 | 1.134 | 0.806 | 1.289 | 0.521
 312 | UMass Boston         |   3 | 0.075 | 0.909 | 0.893 | 1.432 | 0.396
 312 | Keystone             |   3 | 0.075 | 1.057 | 0.584 | 0.935 | 0.337
 315 | Anna Maria           |   3 | 0.074 | 1.098 | 0.688 | 1.120 | 0.352
 315 | Plymouth St.         |   3 | 0.074 | 0.973 | 0.761 | 1.241 | 0.414
 315 | Wilmington (OH)      |   3 | 0.074 | 1.143 | 0.748 | 1.213 | 0.412
 318 | Nichols              |   3 | 0.072 | 1.132 | 0.890 | 1.478 | 0.346
 318 | Trinity (CT)         |   3 | 0.072 | 0.899 | 0.689 | 1.155 | 0.429
 320 | Immaculata           |   3 | 0.071 | 1.041 | 0.853 | 1.448 | 0.357
 320 | Ripon                |   3 | 0.071 | 0.941 | 0.877 | 1.484 | 0.434
 320 | Hiram                |   3 | 0.071 | 0.999 | 0.736 | 1.246 | 0.431
 323 | Drew                 |   3 | 0.069 | 0.955 | 0.685 | 1.190 | 0.380
 323 | Sul Ross St.         |   3 | 0.069 | 1.050 | 0.759 | 1.327 | 0.463
 325 | Westminster (MO)     |   3 | 0.068 | 0.966 | 0.554 | 0.986 | 0.405
 326 | Clark (MA)           |   3 | 0.067 | 0.921 | 0.862 | 1.538 | 0.444
 326 | Wis. Lutheran        |   3 | 0.067 | 0.949 | 0.791 | 1.415 | 0.366
 326 | SUNY Poly            |   3 | 0.067 | 0.891 | 0.899 | 1.607 | 0.332
 326 | Pitt.-Bradford       |   3 | 0.067 | 1.023 | 0.718 | 1.281 | 0.368
 330 | Oswego St.           |   3 | 0.066 | 1.083 | 0.838 | 1.523 | 0.398
 330 | Lyndon St.           |   3 | 0.066 | 0.972 | 0.610 | 1.116 | 0.360
 330 | FDU-Florham          |   3 | 0.066 | 1.104 | 1.137 | 2.060 | 0.366
 333 | Cazenovia            |   3 | 0.064 | 1.015 | 0.634 | 1.200 | 0.335
 333 | MSOE                 |   3 | 0.064 | 1.010 | 0.587 | 1.111 | 0.360
 333 | Edgewood             |   3 | 0.064 | 0.957 | 0.641 | 1.209 | 0.389
 336 | Mary Baldwin         |   3 | 0.063 | 1.080 | 0.786 | 1.512 | 0.427
 336 | North Park           |   3 | 0.063 | 0.920 | 0.872 | 1.678 | 0.489
 336 | Knox                 |   3 | 0.063 | 1.067 | 1.104 | 2.110 | 0.415
 339 | Centenary (NJ)       |   3 | 0.061 | 0.996 | 0.640 | 1.267 | 0.362
 339 | Oberlin              |   3 | 0.061 | 0.975 | 0.770 | 1.514 | 0.423
 339 | Rivier               |   3 | 0.061 | 1.002 | 0.710 | 1.404 | 0.340
 342 | Howard Payne         |   3 | 0.058 | 0.943 | 0.642 | 1.327 | 0.465
 343 | Minn.-Morris         |   3 | 0.057 | 1.102 | 0.797 | 1.696 | 0.299
 343 | Martin Luther        |   3 | 0.057 | 1.038 | 0.744 | 1.585 | 0.284
 345 | Grinnell             |   3 | 0.056 | 1.051 | 0.893 | 1.931 | 0.394
 346 | Blackburn            |   3 | 0.054 | 0.835 | 0.614 | 1.374 | 0.447
 346 | Mitchell             |   3 | 0.054 | 1.019 | 0.668 | 1.499 | 0.343
 348 | Lancaster Bible      |   3 | 0.053 | 1.037 | 0.577 | 1.300 | 0.343
 348 | Finlandia            |   3 | 0.053 | 0.977 | 0.582 | 1.323 | 0.387
 350 | St. Olaf             |   3 | 0.052 | 1.058 | 0.839 | 1.930 | 0.456
 350 | Framingham St.       |   3 | 0.052 | 1.027 | 0.699 | 1.604 | 0.378
 352 | Cedar Crest          |   3 | 0.051 | 0.998 | 0.631 | 1.502 | 0.338
 353 | Bethany Lutheran     |   3 | 0.050 | 0.830 | 0.564 | 1.344 | 0.294
 353 | Old Westbury         |   3 | 0.050 | 0.875 | 0.755 | 1.803 | 0.354
 355 | John Jay             |   3 | 0.049 | 1.221 | 0.720 | 1.764 | 0.316
 355 | Lesley               |   3 | 0.049 | 0.866 | 0.570 | 1.413 | 0.359
 355 | SUNY Potsdam         |   3 | 0.049 | 1.060 | 0.625 | 1.529 | 0.418
 358 | Elms                 |   3 | 0.048 | 1.054 | 0.607 | 1.524 | 0.320
 359 | Marywood             |   3 | 0.046 | 0.925 | 0.682 | 1.778 | 0.341
 359 | Lehman               |   3 | 0.046 | 1.227 | 0.646 | 1.680 | 0.279
 359 | Me.-Presque Isle     |   3 | 0.046 | 1.004 | 0.646 | 1.683 | 0.251
 362 | Sweet Briar          |   3 | 0.045 | 1.041 | 0.746 | 1.984 | 0.449
 362 | Rosemont             |   3 | 0.045 | 1.023 | 0.684 | 1.837 | 0.345
 364 | Northland            |   3 | 0.044 | 1.079 | 0.773 | 2.114 | 0.320
 364 | Morrisville St.      |   3 | 0.044 | 0.963 | 0.537 | 1.478 | 0.359
 366 | Northwestern-St.Paul |   3 | 0.042 | 0.924 | 0.645 | 1.840 | 0.329
 366 | Bay Path             |   3 | 0.042 | 1.031 | 0.548 | 1.567 | 0.310
 366 | St. Elizabeth        |   3 | 0.042 | 1.004 | 0.853 | 2.432 | 0.308
 369 | Gordon               |   3 | 0.040 | 0.947 | 0.601 | 1.814 | 0.348
 369 | Southern Vt.         |   3 | 0.040 | 1.174 | 0.593 | 1.799 | 0.346
 371 | Rockford             |   3 | 0.039 | 0.951 | 0.597 | 1.833 | 0.354
 371 | Gallaudet            |   3 | 0.039 | 1.055 | 0.553 | 1.713 | 0.341
 373 | Thomas (ME)          |   3 | 0.037 | 1.018 | 0.565 | 1.843 | 0.390
 373 | Mount Mary           |   3 | 0.037 | 0.970 | 0.638 | 2.054 | 0.312
 375 | Mount Ida            |   3 | 0.034 | 0.966 | 0.475 | 1.677 | 0.364
 375 | St. Joseph's (Brkln) |   3 | 0.034 | 1.140 | 0.399 | 1.393 | 0.309
 375 | Wentworth            |   3 | 0.034 | 1.147 | 0.622 | 2.220 | 0.358
 378 | Baptist Bible (PA)   |   3 | 0.032 | 0.984 | 0.720 | 2.682 | 0.330
 378 | Hilbert              |   3 | 0.032 | 1.245 | 0.557 | 2.119 | 0.362
 378 | Southern Va.         |   3 | 0.032 | 1.006 | 0.672 | 2.556 | 0.495
 381 | Crown (MN)           |   3 | 0.031 | 1.131 | 0.529 | 2.055 | 0.305
 381 | Notre Dame (MD)      |   3 | 0.031 | 1.140 | 0.649 | 2.542 | 0.301
 383 | Eastern Nazarene     |   3 | 0.029 | 0.978 | 0.633 | 2.601 | 0.342
 384 | Chatham              |   3 | 0.028 | 1.037 | 0.508 | 2.187 | 0.388
 384 | Maranatha Baptist    |   3 | 0.028 | 0.971 | 0.743 | 3.170 | 0.266
 386 | Delaware Valley      |   3 | 0.027 | 1.003 | 0.485 | 2.136 | 0.386
 386 | Principia            |   3 | 0.027 | 1.026 | 0.627 | 2.822 | 0.388
 386 | Rust                 |   3 | 0.027 | 0.979 | 0.564 | 2.504 | 0.353
 389 | New Jersey City      |   3 | 0.026 | 1.019 | 0.461 | 2.100 | 0.410
 390 | Baruch               |   3 | 0.025 | 0.999 | 0.517 | 2.453 | 0.289
 390 | Franciscan           |   3 | 0.025 | 0.981 | 0.569 | 2.728 | 0.349
 392 | North Central (MN)   |   3 | 0.024 | 0.983 | 0.693 | 3.486 | 0.281
 392 | Cairn                |   3 | 0.024 | 0.888 | 0.496 | 2.506 | 0.337
 394 | Yeshiva              |   3 | 0.021 | 0.937 | 0.515 | 2.958 | 0.259
 394 | Sewanee              |   3 | 0.021 | 1.185 | 0.450 | 2.528 | 0.452
 396 | York (NY)            |   3 | 0.016 | 1.023 | 0.408 | 2.987 | 0.312
 397 | Trinity Washington   |   3 | 0.012 | 1.123 | 0.283 | 2.814 | 0.253
(397 rows)

COPY 295
COPY 288
COPY 397
COMMIT
