[1] 11935     5
  pitcher_id catcher_id count balls called_strikes
1    1637094    1536361   2-2    38             18
2    1307510    1538585   2-1    58             15
3    1304283    1529653   2-0     2              0
4    1442811    1312395   3-1     6              1
5    1534916    1425969   0-2     0              2
6    1546285    1545867   0-1     0              8
start par. =  1 1 fn =  90660.68 
At return
eval:  49 fn:      88076.964 par: 0.0622602 0.134841
(NM) 20: f = 88077 at 0.0622602  0.134841 -0.839108
(NM) 40: f = 88076.9 at 0.0618827  0.134832 -0.840762
(NM) 60: f = 88076.9 at 0.0622769  0.134808  -0.84092
(NM) 80: f = 88076.9 at 0.0622811  0.134839 -0.840904
(NM) 100: f = 88076.9 at 0.0622777  0.134845 -0.840911
Generalized linear mixed model fit by maximum likelihood (Laplace
  Approximation) [glmerMod]
 Family: binomial  ( logit )
Formula: cbind(called_strikes, balls) ~ (1 | catcher_id) + (1 | pitcher_id)
   Data: pitches
      AIC       BIC    logLik  deviance  df.resid 
 88082.92  88105.08 -44038.46  88076.92     11932 
Random effects:
 Groups     Name        Std.Dev.
 pitcher_id (Intercept) 0.06228 
 catcher_id (Intercept) 0.13484 
Number of obs: 11935, groups:  pitcher_id, 840; catcher_id, 557
Fixed Effects:
(Intercept)  
    -0.8409  
Generalized linear mixed model fit by maximum likelihood (Laplace
  Approximation) [glmerMod]
 Family: binomial  ( logit )
Formula: cbind(called_strikes, balls) ~ (1 | catcher_id) + (1 | pitcher_id)
   Data: pitches

     AIC      BIC   logLik deviance df.resid 
 88082.9  88105.1 -44038.5  88076.9    11932 

Scaled residuals: 
    Min      1Q  Median      3Q     Max 
-6.8591 -1.3084 -0.3978  1.3927 13.0541 

Random effects:
 Groups     Name        Variance Std.Dev.
 pitcher_id (Intercept) 0.003879 0.06228 
 catcher_id (Intercept) 0.018183 0.13484 
Number of obs: 11935, groups:  pitcher_id, 840; catcher_id, 557

Fixed effects:
             Estimate Std. Error z value Pr(>|z|)    
(Intercept) -0.840911   0.008561  -98.23   <2e-16 ***
---
Signif. codes:  0 ‘***’ 0.001 ‘**’ 0.01 ‘*’ 0.05 ‘.’ 0.1 ‘ ’ 1
[1] 88082.92
(Intercept) 
  -0.840911 
$pitcher_id
          (Intercept)
979690  -2.569790e-03
1193509 -2.868459e-03
1300192  6.711838e-03
1300233  9.524752e-03
1300305 -2.293516e-03
1300391  5.784638e-03
1300627 -1.039795e-02
1300995  1.872580e-04
1301251 -6.104541e-03
1301711  6.392198e-02
1301879  4.751380e-02
1302000 -7.287907e-03
1302123  1.290370e-03
1302175 -1.157010e-02
1302455 -1.685625e-02
1302456 -8.831936e-03
1302495  5.900805e-02
1302616 -2.132592e-02
1302617  5.889035e-02
1302669  8.720785e-03
1302687  2.650620e-02
1302800  3.807349e-04
1302836 -1.782074e-02
1302840  1.955863e-02
1303287  2.805072e-02
1303288  5.363586e-02
1303336  1.302452e-02
1303360  3.594560e-02
1303381  1.630025e-02
1303563 -1.306796e-02
1303697 -1.050885e-01
1303716  4.597079e-02
1304143 -2.631144e-02
1304240  2.130208e-02
1304283 -2.518477e-02
1304300  8.569749e-03
1304306 -3.855427e-03
1304386 -4.243771e-02
1304918  8.682550e-03
1304987  1.588680e-02
1305148 -2.177843e-02
1305258  8.215089e-03
1305440  2.460203e-02
1305946  2.022781e-02
1305980 -2.414198e-02
1306174  6.006426e-03
1306206  1.827213e-02
1306307  6.143566e-02
1306334 -3.538155e-02
1306387  1.085150e-02
1306390 -4.417256e-02
1306723  3.613107e-02
1306904  4.651015e-02
1307502 -2.779776e-03
1307510 -2.073907e-03
1307597  1.185433e-02
1307728 -2.277415e-02
1308078  3.527294e-03
1308159  4.970252e-03
1308400 -1.192109e-02
1308416 -2.279058e-02
1308585  1.313536e-02
1308823 -4.377460e-03
1308885 -1.457774e-02
1309171 -1.727170e-02
1309266 -1.463523e-02
1309331  1.688701e-02
1309861 -6.162513e-03
1309905 -1.376462e-02
1309998  4.829810e-02
1310239 -1.969092e-02
1310244 -2.356503e-02
1310338 -1.607422e-02
1310340  3.544702e-04
1310364 -3.947531e-02
1310427  4.066174e-03
1310611  5.019905e-03
1310797  1.983928e-02
1310850  2.321883e-02
1310927  1.225497e-02
1311309  1.830359e-03
1311322  4.077419e-03
1311329 -4.337739e-03
1311332 -2.125003e-02
1311528  1.491131e-02
1311535  2.941465e-02
1311704 -1.180106e-03
1311740  2.723533e-02
1311775 -3.479267e-03
1311791 -9.319398e-03
1312109  1.929749e-03
1312112  1.909889e-02
1312136 -1.281185e-02
1312138 -4.802073e-03
1312328 -2.277770e-02
1312394  1.499010e-02
1312519  1.006134e-02
1312835  9.407217e-03
1312903  3.038248e-02
1312999 -2.248459e-03
1313003  4.835788e-03
1313143  6.116889e-03
1313506 -7.316614e-04
1313511  7.723285e-03
1313514  2.256802e-02
1314393  1.201352e-02
1314824  1.719465e-02
1314921 -2.218705e-04
1315034  1.180293e-02
1315059  1.879363e-02
1315320  4.039644e-02
1315322  3.339687e-02
1315393 -2.117839e-03
1315805 -1.608120e-02
1315953  2.676380e-02
1316096  1.858739e-02
1316241  1.455894e-02
1316454  4.095739e-02
1319889 -9.247702e-03
1320538  1.855839e-03
1320579  2.361060e-03
1320960 -4.468067e-03
1322387 -3.391722e-02
1322791 -2.102169e-02
1322838 -1.733220e-03
1322945  1.368057e-02
1323021  6.285265e-02
1323411  6.828715e-02
1324075  4.628028e-02
1324085  2.101659e-02
1324172 -1.383372e-02
1326092  1.413471e-03
1331088  9.048822e-03
1415986 -5.243920e-03
1415994  1.031354e-02
1416120  6.432798e-03
1416178 -3.142817e-02
1416277 -3.555434e-02
1416412  2.621430e-02
1416415  2.296033e-02
1416809 -2.869378e-03
1416909 -7.271348e-03
1416910 -3.969903e-03
1417073  1.444945e-02
1417195 -1.327420e-02
1417209  3.995868e-03
1417255 -8.634989e-03
1417370 -2.759825e-03
1417492  1.308312e-02
1417557 -9.996354e-03
1417559  1.451110e-03
1417603 -1.351827e-03
1417684 -7.963541e-03
1417687  1.201579e-02
1417695 -7.267792e-03
1418185 -1.460196e-02
1418357  1.398049e-02
1418501 -1.463873e-02
1418504  1.491373e-03
1418688 -9.364921e-03
1418689 -1.867346e-02
1418690  1.392375e-02
1418744 -1.141857e-02
1418752 -9.742326e-03
1418770  8.040421e-02
1419011 -9.480484e-03
1419018  1.922001e-02
1419199  3.280224e-02
1419287 -1.111685e-02
1419653  6.142892e-03
1419775 -2.111482e-02
1419878 -1.960367e-02
1419899 -2.258575e-02
1419904  5.009764e-03
1419907 -3.072637e-03
1419935  1.786314e-02
1420023 -4.919085e-03
1420028  2.270815e-02
1420030  1.243588e-02
1421088 -3.297985e-03
1421884 -1.306620e-02
1421907  9.156727e-03
1421942  1.182226e-02
1422328 -4.864931e-02
1422349 -8.692745e-03
1422911  6.032307e-03
1422920 -8.674703e-03
1423052  7.272449e-03
1423112 -2.391082e-02
1423213  1.389448e-02
1423237  3.218493e-02
1423386  4.200750e-03
1423458  2.980925e-02
1423467  1.186048e-02
1423529 -1.510976e-02
1423699  1.436547e-02
1423774 -1.351672e-02
1423859  3.853056e-02
1424015  1.759384e-02
1424018 -2.136140e-02
1424088  5.588011e-03
1424174 -3.669167e-02
1424226 -4.536643e-02
1424304  2.836688e-03
1424404  4.998444e-04
1424445  7.509863e-03
1424475  1.907525e-02
1424607 -1.004623e-02
1424639 -1.571094e-03
1424649  1.449015e-02
1424675 -5.451950e-03
1424723 -2.020575e-02
1424732 -1.818540e-02
1424734  2.637966e-03
1424796 -2.227711e-02
1424853 -1.642476e-02
1425089 -1.918340e-03
1425124  1.369107e-02
1425314 -1.422597e-02
1425325  4.637038e-02
1425326 -5.240482e-03
1425417 -3.227938e-03
1425431  1.575095e-02
1425453  4.911233e-02
1425608 -1.743593e-02
1425616  3.607213e-02
1425677 -2.826117e-02
1425763 -5.964533e-03
1426059  1.558436e-03
1426060 -7.408603e-03
1426072  8.559686e-02
1426240  7.013497e-03
1426331 -2.710004e-02
1426460 -9.706554e-03
1426508  6.253171e-03
1426513  3.968967e-03
1426656  7.030086e-03
1426788  4.490287e-02
1427156 -2.444917e-02
1427157 -4.128366e-03
1427209  1.324154e-02
1427211 -2.294728e-03
1427255  1.658050e-02
1427531 -3.165567e-02
1427667 -3.780399e-02
1427808 -2.957943e-02
1428425 -7.635284e-03
1428561  2.282440e-02
1428944  1.160100e-02
1429056 -1.881075e-02
1430035 -2.558854e-02
1430076 -2.843148e-03
1430505  4.622873e-03
1430508 -5.368640e-03
1431078 -1.915895e-02
1431443  8.449094e-03
1432841  7.700307e-03
1432846 -1.161857e-02
1433061 -5.141389e-03
1433412  5.620164e-03
1433423  9.037481e-03
1433689  9.032572e-03
1433698  3.434630e-02
1434092 -9.338110e-03
1434207 -1.892410e-03
1435241 -1.586466e-02
1436041  1.332352e-03
1436045 -2.577932e-02
1437165  2.897428e-02
1437576  3.458148e-02
1438641 -2.515036e-04
1439182 -6.926431e-03
1439678  2.378920e-02
1439679 -5.369217e-03
1440479  9.099420e-03
1441063 -6.508951e-03
1441106  5.638463e-03
1442811  6.594157e-03
1442890 -4.374619e-03
1443051 -1.198849e-03
1443346  7.171489e-03
1444143  2.667554e-02
1445935  4.544930e-04
1446446 -5.423649e-03
1447192  9.810556e-03
1523541  1.899464e-03
1525524 -5.381068e-03
1525536 -1.420104e-02
1525959 -7.678036e-04
1525962  9.053304e-03
1525965 -5.639585e-03
1525968 -4.859910e-03
1526023 -4.263913e-02
1526025  2.413314e-02
1526221 -1.918306e-02
1526435 -5.097724e-04
1526440 -3.303732e-03
1526458  3.440515e-02
1526466  7.633302e-03
1526478 -9.315029e-04
1526483  2.441494e-02
1526486 -1.317138e-02
1526487  4.501329e-04
1526500 -3.600469e-02
1526535  2.952506e-02
1526660 -1.237717e-02
1526665 -1.938301e-02
1526668  4.875443e-02
1526671  9.952153e-03
1526692 -4.285779e-02
1526700  7.053731e-03
1526721  1.154544e-02
1526726 -3.746554e-02
1526751 -2.526615e-02
1526932  7.196995e-03
1526936  3.428268e-02
1526951 -1.449777e-02
1526953 -1.828832e-02
1526972  3.192724e-02
1527105  7.809463e-04
1527119  1.347007e-02
1527122  4.861116e-02
1527164  4.827547e-03
1527165  1.678756e-02
1527187 -2.851877e-05
1527233 -1.338160e-02
1527254 -1.315211e-02
1527285 -1.312266e-02
1527286  1.280327e-02
1527427  2.359683e-02
1527445 -3.088067e-03
1527467 -9.744614e-03
1527482 -4.402637e-03
1527501  1.936381e-02
1527559 -4.074437e-03
1527708 -9.809505e-03
1527714 -1.985784e-02
1527874 -7.050579e-03
1528046 -6.570862e-02
1528401  1.002623e-02
1528413  2.957801e-03
1528571  2.002724e-02
1528587  1.276029e-02
1528588 -4.421333e-03
1528795  6.787358e-02
1528987 -9.469591e-03
1529189  8.302882e-04
1529190  9.642662e-03
1529408 -7.196620e-03
1529431  4.019916e-02
1529459  1.927996e-02
1529551 -1.151344e-03
1529635  3.029050e-02
1529868 -1.743366e-03
1529874 -5.614024e-03
1530242  5.673083e-03
1530319  2.566638e-02
1530321  2.317522e-02
1530449 -1.174205e-02
1530456 -1.328380e-02
1530484  3.164152e-03
1530528 -3.138295e-02
1530529  8.083322e-03
1530530  1.755237e-02
1530612  2.849665e-02
1530615 -1.500326e-02
1530760  3.422666e-02
1530761  1.350283e-02
1530844  2.352393e-02
1530884 -1.810992e-02
1530885 -2.090801e-02
1531243 -2.219557e-02
1531244  2.947074e-02
1531245 -7.225796e-03
1531384  2.186479e-02
1531385 -1.411568e-02
1531577  2.736978e-02
1531587 -5.856288e-03
1531813 -3.430155e-03
1532013  2.229848e-03
1532043 -7.981455e-03
1532159 -3.640350e-02
1532162  3.413546e-02
1532253 -2.033598e-02
1532330 -1.489068e-02
1532339 -1.913855e-02
1532611  1.822404e-02
1532743  2.812202e-02
1532744  2.914770e-02
1532786  4.625847e-03
1533292 -7.390838e-03
1533353 -3.058502e-02
1533354  1.422954e-03
1533476 -3.480129e-03
1533498 -4.514221e-03
1533684  6.471954e-03
1533737  1.225888e-02
1533820 -2.372108e-02
1533834  1.635392e-02
1534062 -1.465755e-02
1534167 -1.437379e-03
1534256 -9.455287e-03
1534301 -3.060510e-02
1534305  1.351498e-02
1534309 -2.031290e-02
1534683  6.339780e-02
1534768 -7.164995e-03
1534784  1.454130e-02
1534822  6.142800e-03
1534905 -7.678922e-03
1534916 -9.427557e-03
1534923  8.360702e-03
1534927  2.135509e-03
1534941 -1.963770e-02
1535002 -1.269831e-02
1535128  1.940917e-03
1535135 -3.117576e-03
1535290  2.080466e-02
1535291  1.649492e-02
1535292 -5.714593e-02
1535303 -6.091089e-03
1535381  4.806942e-03
1535384  1.697328e-03
1535390 -7.211930e-04
1535397 -3.596261e-02
1535457 -1.367486e-02
1535469  1.334107e-02
1535532 -1.143069e-02
1535657  1.183863e-02
1535660 -6.869770e-03
1535677  6.213325e-03
1535694  6.894143e-03
1535696 -4.551557e-04
1535698  5.841709e-03
1535754 -2.036190e-02
1535811  4.862779e-02
1535840  2.269788e-02
1535878  2.176761e-03
1536128 -2.564941e-02
1536132  2.257658e-02
1536185 -6.396541e-03
1536339  2.880509e-02
1536363 -1.719460e-02
1536520 -7.959623e-03
1536522  2.836433e-02
1536628 -4.616888e-02
1536646  2.555910e-02
1536652 -1.849676e-02
1536725 -3.282415e-02
1536726  1.859434e-02
1536924 -7.584871e-03
1537125  4.086148e-02
1537250 -1.821642e-03
1537328 -2.500602e-02
1537329  5.316801e-03
1537331  1.141496e-03
1537426 -1.394446e-02
1537427  8.168111e-03
1537636 -9.929494e-03
1537637 -6.135307e-03
1537813 -2.369933e-02
1537817 -1.517321e-02
1537849 -3.350793e-02
1537851  3.005499e-02
1537888 -2.953792e-03
1537893  4.061395e-02
1537903 -3.787904e-02
1538074 -1.097072e-01
1538104  1.688656e-02
1538261  2.674614e-02
1538564 -3.522615e-02
1538574 -1.564217e-04
1538793 -1.961538e-03
1538794 -1.922857e-02
1538907  7.539317e-03
1539141  8.215745e-05
1539676 -1.242504e-02
1539678 -5.088506e-02
1539694 -3.949357e-03
1539708 -2.224355e-05
1540514  2.190599e-02
1540690  4.498071e-02
1540696  3.347401e-02
1540769 -2.467050e-02
1540770  3.155663e-03
1540864  1.002407e-02
1541226 -6.118173e-03
1541622  4.511829e-03
1541623  1.769474e-03
1541912  4.174896e-03
1541943  1.461413e-02
1542307  7.261866e-04
1542548  1.084771e-02
1542831 -2.739236e-02
1542834  4.879102e-02
1542860 -3.450091e-03
1542862  2.484425e-02
1543035 -9.262840e-03
1543036 -1.362350e-02
1543721 -2.092563e-02
1543722  2.317738e-02
1543723 -1.184158e-02
1543871  1.571547e-02
1543875  3.484678e-03
1543876 -1.985146e-02
1543911 -9.708739e-03
1543976 -6.143459e-03
1544483 -2.562899e-03
1544484 -3.040975e-03
1544523 -2.364034e-02
1544614  1.615697e-02
1545456 -1.608520e-02
1545626  1.335422e-02
1545856 -1.401271e-02
1545887 -8.705508e-03
1545889 -1.270189e-02
1545895  7.816928e-03
1545944 -3.408005e-02
1546074  3.305604e-04
1546174  2.309257e-02
1546285  8.936380e-04
1546396  1.278340e-02
1546409 -1.751867e-03
1546412  5.671498e-03
1546413 -4.402992e-03
1546466  2.131593e-03
1547069  2.207202e-03
1547520 -4.035474e-02
1547523  2.459284e-02
1547594 -1.314849e-02
1548746 -1.381987e-02
1549629 -4.340144e-03
1549852 -2.755019e-03
1550117 -2.157396e-02
1550472  1.380250e-02
1551031  2.336016e-02
1551307 -1.042767e-02
1552184 -1.093328e-03
1552188 -1.004623e-02
1552234  5.887501e-03
1552306 -3.943140e-02
1552322 -1.455543e-02
1552342  1.040867e-02
1553654 -8.335047e-03
1554630 -6.820026e-03
1554645 -3.020014e-02
1555824 -5.366663e-03
1556856 -4.909611e-03
1558774 -2.435650e-02
1559059 -5.579391e-03
1637094  4.060589e-02
1637102  1.058572e-02
1637107  1.603388e-02
1637120  7.597478e-03
1637157  5.681687e-03
1637168 -8.386200e-03
1637174 -2.457787e-03
1637177  1.107284e-02
1637591 -3.554024e-02
1637594 -2.466411e-02
1637596 -2.076214e-02
1637725 -1.551557e-04
1637728 -3.465490e-03
1637830  1.123551e-02
1638029 -1.024744e-02
1638129 -1.830839e-02
1638150  6.986299e-03
1638159 -6.450916e-03
1638161  3.386573e-03
1638166 -7.956197e-03
1638188  1.370392e-02
1638274 -8.156785e-03
1638287  6.840096e-03
1638318 -1.441527e-02
1638321  1.632319e-02
1638344 -2.222130e-02
1638364 -2.846156e-02
1638365 -6.076701e-02
1638427 -1.777345e-02
1638457  1.768040e-02
1638459 -1.487736e-02
1638473  2.126028e-02
1638477 -2.162570e-02
1638478  1.409415e-02
1638526 -5.385728e-02
1638554 -3.062435e-02
1638612  1.783427e-04
1638672 -1.667203e-02
1638677 -2.806640e-02
1638694  2.588723e-02
1638714  5.645952e-03
1638838 -1.164474e-02
1638986 -1.194691e-02
1638989  2.944295e-03
1638992  1.495016e-02
1639077  1.570751e-02
1639081  3.902075e-02
1639100 -4.841644e-02
1639268 -1.922453e-02
1639287 -2.906812e-02
1639307 -1.780249e-02
1639402  5.500965e-04
1639420 -3.823639e-03
1639426 -4.113710e-02
1639433  1.732831e-02
1639500  1.962386e-02
1639507 -2.476853e-02
1639559 -1.261978e-02
1639561 -7.785636e-03
1639606 -7.312844e-03
1639766 -4.309940e-02
1639902 -6.423034e-03
1639921  2.155030e-02
1639931 -7.023947e-03
1639934  6.687076e-03
1639962 -1.405927e-03
1640310 -1.674275e-02
1640315 -2.679552e-02
1640633  6.512987e-04
1640669 -8.224667e-03
1640775 -2.821254e-02
1640777 -6.121876e-03
1640797 -8.422173e-03
1640923 -2.008167e-02
1640924 -6.626515e-03
1641210  4.044908e-02
1641220  1.498638e-02
1642246 -1.811989e-02
1642604  6.055601e-02
1642674  1.147706e-02
1642698 -8.407663e-03
1642779 -9.098021e-03
1642841 -2.083763e-02
1642948 -1.489331e-02
1642950 -2.062302e-02
1642957 -6.745593e-04
1642960 -4.867630e-03
1643387 -3.246446e-02
1643389  2.492022e-02
1643405  1.197741e-02
1643406 -9.367748e-04
1643536 -1.959270e-02
1643553 -2.088679e-02
1643609  8.167800e-03
1643612  3.913838e-02
1643618 -1.691583e-02
1643661  3.894696e-03
1643667 -1.469576e-02
1643790  2.382784e-02
1643802  1.294783e-02
1643832  3.027774e-02
1643837  4.735360e-03
1643901  8.023964e-03
1643907 -4.456790e-04
1644089  1.930446e-02
1644243  2.049273e-02
1644251  8.504512e-05
1644285  4.176098e-03
1644299 -3.818954e-02
1644303  3.962489e-04
1644330 -1.429154e-02
1644392 -1.337339e-02
1644393  1.450392e-02
1644394 -3.715598e-03
1644396 -3.705621e-03
1644399 -8.947062e-03
1644480 -5.072602e-03
1644689 -2.977367e-06
1645061  1.954687e-02
1645069 -2.609203e-02
1645131  7.669197e-03
1645133  5.397576e-03
1645411 -3.831599e-02
1645817 -7.438996e-03
1646190  1.826035e-02
1646191 -1.400837e-02
1646206 -8.857174e-03
1646268  7.290326e-03
1646269 -1.339532e-02
1646298  5.847917e-03
1646339  4.735753e-02
1646492 -3.516989e-02
1646630  5.729018e-02
1646668  1.104705e-02
1646749 -7.872609e-03
1646750 -1.122378e-02
1646766  6.155597e-03
1646777  1.702507e-03
1646781  5.956576e-03
1646788 -7.438996e-03
1646795  2.897399e-02
1646797  1.074409e-02
1646808  1.233957e-02
1646816 -3.554673e-03
1646825 -6.953525e-03
1646848 -1.328535e-02
1646900  2.839834e-04
1646940  9.712701e-03
1646970 -6.596900e-03
1646972 -2.198586e-02
1647012  1.423021e-03
1647015 -1.294429e-02
1647076 -8.618940e-03
1647077  3.305563e-02
1647102 -9.154992e-03
1647104 -6.321593e-04
1647183  2.902030e-02
1647185 -2.335827e-02
1647189  2.347221e-02
1647196 -1.599163e-02
1647197  3.269576e-02
1647213 -1.890178e-03
1647218 -1.460660e-03
1647220 -2.591590e-02
1647242 -8.451844e-04
1647250  2.327048e-02
1647254  9.017381e-03
1647298 -3.962109e-03
1647319 -9.953134e-03
1647495 -1.173227e-02
1647549  1.578971e-02
1647716 -4.073462e-03
1647830  8.658446e-03
1647833  2.057930e-02
1647848  1.611913e-02
1647849  8.050276e-03
1647855  1.987052e-03
1648004 -1.259418e-02
1648012 -5.271382e-02
1648061 -2.814449e-02
1648064  8.113207e-02
1648066 -5.324458e-02
1648072 -1.254830e-02
1648095 -2.797184e-02
1648120 -1.891114e-02
1648123  8.723811e-03
1648268 -4.319757e-02
1648583  1.803977e-02
1648671  7.836141e-03
1648709 -2.766837e-02
1648710 -2.534554e-02
1648770 -9.431727e-03
1648825 -1.385741e-02
1648826  2.049181e-02
1648838  4.448252e-02
1648841  2.453531e-03
1649033  9.456906e-03
1649036 -1.028103e-02
1649039  1.076082e-02
1649040  2.409564e-02
1649137 -2.088500e-02
1649178  1.845460e-02
1649234  1.576028e-02
1649251 -4.037035e-03
1649370  5.365410e-03
1649378 -2.407005e-02
1649491 -1.073179e-02
1649548 -1.377549e-03
1649880  2.457149e-02
1650223  1.392874e-03
1650224 -1.335630e-02
1650382 -1.438751e-02
1650421 -7.052086e-03
1650422  2.974377e-02
1650478  9.653478e-05
1651128 -2.738980e-02
1651440 -3.687015e-02
1651594  2.572403e-02
1651595 -9.312473e-03
1651727  2.399920e-03
1651888  2.086723e-02
1651945 -4.376129e-05
1652125 -4.285558e-02
1652660 -2.751663e-04
1652684 -1.659497e-02
1652720 -1.179763e-02
1652847 -2.631026e-02
1652848 -1.532533e-02
1653007 -8.290287e-03
1653314  1.318783e-02
1653828 -1.813592e-02
1653829 -2.274868e-03
1654369  2.953219e-02
1654655 -2.890330e-03
1654863 -1.356415e-02
1655160  2.794462e-03
1655470  5.000890e-02
1655471 -4.248362e-02
1655736  1.036879e-02
1656586 -6.424551e-02
1656587  1.520255e-02
1656592  8.605817e-03
1656703  3.960848e-03
1656704 -8.851072e-03
1656962  5.901948e-03
1657008  6.471954e-03
1657111  2.692373e-02
1657152  6.994427e-03
1657186 -1.832772e-02
1657193  4.616511e-03
1657194  2.749512e-02
1657277  1.389033e-02
1657669  4.310999e-02
1657680  1.147455e-02
1657685  4.130259e-03
1657695 -1.134642e-02
1657696 -9.891669e-03
1657719  1.590910e-02
1657727 -3.351858e-02
1657729 -2.893140e-03
1657761 -2.487707e-02
1657762 -4.176213e-03
1657827 -3.019567e-02
1657828 -1.074288e-02
1657841 -2.003418e-03
1657899  4.847432e-03
1657900  3.369098e-03
1657905 -1.207309e-02
1657907  4.087132e-02
1657942 -2.080549e-02
1657976  6.880840e-03
1658154 -1.663951e-02
1658231  1.243872e-03
1658481  3.257828e-02
1658619 -8.191392e-03
1661044  1.123664e-02
1661048  2.644932e-02
1661056 -4.394504e-02
1661066 -7.794779e-03
1661068  8.252902e-04
1661072 -2.544614e-02
1661075 -2.571337e-02
1661077  7.865622e-03
1661156 -8.157659e-03
1663099  4.079888e-03
1664451 -1.245199e-02
1664662 -6.505489e-03
1666309 -1.938346e-02
1667302  6.511967e-03
1669210  1.283071e-02

$catcher_id
          (Intercept)
1195086 -0.0535047181
1213653  0.0118519635
1300191 -0.1037849646
1300418  0.0572961729
1300444  0.0038610151
1300818  0.0303415632
1300988  0.0008778955
1300996  0.0253192267
1301142  0.0510426909
1301214  0.0169175450
1301223 -0.1135858916
1301572  0.0138058479
1302120  0.0016824252
1302171 -0.0297381289
1302493  0.1543156360
1303290  0.1867162176
1303382 -0.0136658814
1303695 -0.0921548408
1303718  0.0502511336
1304305 -0.0851912625
1304389 -0.2095807081
1304551  0.0246217321
1304638 -0.1554976196
1305047 -0.0120475705
1305436  0.1657082927
1305639  0.0567153945
1305978 -0.0669122048
1306176  0.0371279818
1306204  0.1237259107
1306538  0.1083268155
1307002 -0.0480416667
1307361 -0.0185152210
1307521 -0.0412663352
1307730  0.0053222883
1307736  0.2920300389
1308418 -0.1663846181
1309054 -0.0774130003
1310041 -0.0529720565
1310307  0.0009432135
1310341  0.0377826287
1310409  0.0773285475
1311311  0.0454117019
1311742  0.0350087650
1311777 -0.0287862857
1312061 -0.0043121477
1312108 -0.0007537665
1312111  0.1058492087
1312395  0.0309144706
1312477  0.1146808942
1314310 -0.0140231327
1314395 -0.0182828772
1314458 -0.0272618124
1314730  0.1061140279
1314767  0.0059464235
1314790  0.0021156917
1314806  0.0398051465
1314889 -0.0183023591
1314893  0.0590706790
1314900  0.1291787951
1314926  0.0519904287
1314966  0.0264340218
1315011 -0.0258343495
1315058  0.0059360631
1315246  0.0048008818
1315466 -0.0578714097
1315491 -0.0437983341
1315496  0.0195670199
1315669 -0.0203256101
1316434 -0.0807546729
1319887  0.0779645599
1320202  0.0822574375
1320953 -0.1415831296
1322187  0.0831301537
1322831  0.0781085079
1322836 -0.0505375653
1323549 -0.0918393681
1324170  0.0308058398
1325294  0.0646941379
1326817 -0.0123834877
1327705  0.1002992834
1415988  0.0574957516
1416130 -0.0591635461
1416182 -0.2542745626
1416273 -0.1339315744
1416278  0.0555750157
1416414  0.2305386067
1417923 -0.0897246137
1418351  0.0518461007
1418470 -0.0561135374
1418471  0.0479456318
1418909 -0.0814828061
1419196  0.0513289508
1419508  0.0699066244
1419697  0.0067131783
1419770  0.0611483142
1419906  0.1427610645
1419910  0.0361870337
1420022  0.0833980238
1420459  0.0022073472
1420851  0.0537113584
1421090 -0.1131516268
1421533 -0.0197554998
1421803  0.2236997794
1421806  0.1158741160
1421886  0.0629216001
1421937  0.0165775683
1422007  0.1356350946
1422176 -0.0030759138
1422309  0.1005967934
1422346  0.0814487825
1422572 -0.0665767509
1422902  0.0362080042
1422917  0.0561701224
1422976 -0.0158786797
1423053  0.0355457320
1423114 -0.0321276408
1423151 -0.0828003235
1423156  0.0535706788
1423212  0.0591245346
1423251  0.0135033983
1423465 -0.0059937188
1423593 -0.0037551852
1423701  0.0937649178
1423776 -0.1403296874
1424016 -0.0176629468
1424159 -0.0958210301
1424190  0.0800191530
1424234  0.0868548754
1424241  0.0441025479
1424342  0.1238234582
1424346  0.1026058196
1424405 -0.0871835781
1424422  0.0625450776
1424447  0.0779289382
1424468  0.1065419577
1424484  0.0015497205
1424495 -0.0489524124
1424504 -0.0059999033
1424594 -0.0191016182
1424673  0.0171377815
1424711 -0.0005298608
1424799  0.0253782964
1424849 -0.0093469699
1424851 -0.0142331957
1424916 -0.0183129773
1424928 -0.0255195987
1425067  0.0543244808
1425068 -0.0392830591
1425091  0.0597028413
1425152 -0.1529580690
1425237 -0.1204195628
1425291  0.0305291492
1425327  0.1887699175
1425430 -0.0240776593
1425584 -0.2139612181
1425615  0.0960363080
1425761 -0.0678211654
1425897  0.0073911129
1425969 -0.1502525385
1426041 -0.1326790984
1426073  0.0760358725
1426074  0.2693680315
1426320 -0.0326740843
1426376 -0.0990956520
1426461 -0.0862235966
1426478 -0.0409549096
1426507  0.1041630826
1426576  0.0506562630
1426665  0.0251352807
1427154  0.1389273446
1427158 -0.0561851300
1427204 -0.0542931385
1427213  0.0085492614
1427253  0.0777320398
1427532 -0.2019958151
1427738  0.0122981007
1428424  0.0918881650
1428565  0.1092840592
1429053 -0.0502207505
1429060 -0.0641099635
1430073  0.0308710414
1430741 -0.0492233239
1431439  0.0060447068
1432455 -0.1066117514
1432591 -0.0721230169
1432805 -0.1996332235
1433691  0.2600918008
1433696  0.1966786953
1434201 -0.0809724888
1434241 -0.1349393590
1434706 -0.0923261305
1435828 -0.0422365790
1436042 -0.0514892292
1436094  0.0217750661
1436227  0.0986835671
1436230 -0.0245619291
1436324 -0.0864704653
1437167  0.1160243614
1438450  0.1497829585
1439012 -0.1904487647
1442794  0.0511668639
1442802 -0.0005804482
1442812  0.1570730492
1444130  0.0129243112
1444241 -0.0908728010
1446447 -0.0254269393
1525394 -0.2049617016
1525942 -0.0351891163
1525958 -0.0530099540
1526024 -0.0251615052
1526222 -0.2027101401
1526438 -0.0116493790
1526627 -0.0039623608
1526672 -0.0113688672
1526727  0.0030829977
1526730 -0.1053106932
1526812  0.1152135794
1526834  0.1988494218
1526934  0.0783445609
1526949  0.0866586103
1526950 -0.0875508404
1526954 -0.0683973046
1526955 -0.0857385782
1526966  0.0183567844
1526973 -0.0316349191
1527160 -0.0262316647
1527253 -0.0381863074
1527319  0.0128431068
1527442  0.3150808686
1527484 -0.0348752101
1527552  0.1499955884
1527691 -0.1552290294
1528048 -0.0279534086
1528106  0.0004715818
1528403  0.0483515277
1528516  0.0936647618
1528569  0.0781431599
1528798  0.1025148827
1528988 -0.0399044154
1529438  0.1184406008
1529634  0.1420067522
1529651 -0.0348752101
1529653 -0.0778939102
1529959  0.0170565234
1530246 -0.0412552039
1530286  0.1229995130
1530323  0.2154559327
1530389 -0.1658744148
1530612 -0.0886070844
1530614 -0.1065101628
1530618 -0.1618543662
1530886 -0.1100758876
1530940  0.0935159275
1531248 -0.0281268358
1531257  0.1136854588
1531260 -0.0255428713
1531268  0.0289251912
1531586 -0.1439284498
1531809  0.0410242127
1532009  0.0072914464
1532046 -0.0374183468
1532255  0.1751285086
1532557  0.0413472303
1532635 -0.1533784846
1532641 -0.0015174693
1532747  0.2655180074
1533290 -0.0620067570
1533352 -0.1321802351
1533461  0.0350290277
1533571 -0.0684563491
1533686  0.0303415632
1533732 -0.0030867815
1533842  0.0018348190
1534061 -0.0268774125
1534066 -0.0819010155
1534151 -0.0204955022
1534170 -0.0147102951
1534259  0.0288760800
1534308  0.0473597495
1534364 -0.0676329854
1534442 -0.0622315753
1534564 -0.0495431212
1534773 -0.0006432023
1534788  0.1120377313
1534829  0.0615076518
1534909 -0.0334449328
1535033  0.2621871082
1535300  0.0323861515
1535319 -0.0218850452
1535387 -0.0198573035
1535455 -0.0568933336
1535574  0.1829091540
1535676  0.0291290703
1535688 -0.0971443256
1535755 -0.0613890348
1535836 -0.0120231645
1536131 -0.0148101330
1536340  0.0719110511
1536361  0.0358507767
1536429  0.0750916809
1536727 -0.1311364883
1536968 -0.0205510165
1537126  0.0186808770
1537171 -0.0012900238
1537248  0.1702359058
1537249  0.0318981626
1537428  0.0954230506
1537889  0.1845780283
1538075 -0.3031227647
1538105 -0.0341033774
1538257  0.0885839332
1538576 -0.0473345666
1538585 -0.1481700572
1538791 -0.0853194905
1539144 -0.1518578602
1539145  0.0982226269
1539227 -0.0956890580
1539427  0.0156231637
1539705  0.0611548550
1540474 -0.0378631323
1540513 -0.1152343924
1540662 -0.1118784980
1540687  0.0507464071
1540693 -0.0195318473
1540698  0.3525553220
1540983  0.0744798554
1541864 -0.0126626108
1542278 -0.0391251070
1542551  0.0022552351
1543413  0.0025789408
1543656 -0.0004299974
1543724 -0.0504198177
1543874 -0.1416136286
1543908  0.0090469737
1544019  0.0925981543
1544404  0.0909178448
1544406  0.0270505121
1544478 -0.0510396313
1544486  0.0443318694
1544548 -0.0344516535
1544698 -0.0173725468
1544700 -0.0294417842
1545556  0.0184071256
1545658  0.1844427330
1545858  0.0193734555
1545864 -0.0288591172
1545867  0.0100143626
1545922  0.0806952086
1545938 -0.1821067224
1546212  0.0550300249
1546417 -0.0338467624
1546430 -0.0836310253
1546599 -0.0603712703
1547890 -0.0812763403
1548739  0.0526791787
1549727  0.0378037800
1550119 -0.0611173503
1550471 -0.0292615405
1551020  0.1095162056
1551276 -0.0416260121
1552096 -0.0081404062
1552190  0.0763990852
1552316 -0.0695665181
1552653 -0.0941967267
1553850  0.2124565537
1554646 -0.0529203974
1557422 -0.0424075982
1637108  0.1064401937
1637156  0.0933538426
1637169  0.0148412721
1637173 -0.0656796318
1637179  0.0519112583
1637192 -0.1014655613
1637597 -0.1156293096
1637602 -0.1716284825
1637657  0.0507016597
1637726  0.0571497168
1638028  0.1106257307
1638163  0.0248325928
1638185  0.0642461932
1638272 -0.0404822213
1638293 -0.0062289441
1638317  0.0800656631
1638340 -0.0735932231
1638358 -0.0044247298
1638451  0.0399926960
1638454  0.0674447493
1638467 -0.0009832445
1638472  0.1034135274
1638484  0.0116810810
1638498 -0.0583306257
1638506 -0.1010785950
1638572  0.0002660638
1638988  0.0278830750
1639099 -0.0729996353
1639265 -0.1191331228
1639424  0.0574994816
1639428 -0.1444949495
1639432 -0.0425497844
1639495 -0.0945802354
1639501  0.0395836830
1639605 -0.0313121366
1639865 -0.0775417767
1639866  0.0262388990
1639900 -0.0017843870
1639917  0.0701861282
1639963  0.0064457648
1640056 -0.0263609888
1640528 -0.0215976556
1640696 -0.0318060073
1640706  0.1048544042
1640778  0.0252031091
1640791 -0.0001660529
1640953  0.1368968385
1641097 -0.1145628341
1642601  0.1282238369
1642605  0.1191663478
1642692  0.0834179492
1642780  0.0211397055
1642860  0.0358721896
1642863  0.0332084934
1642939 -0.1533397602
1642940 -0.1562079486
1642947 -0.1537665404
1642953 -0.0228202342
1643386 -0.0379237225
1643605  0.0566985773
1643608 -0.0477513964
1643611 -0.0316181568
1643664 -0.0459667954
1643671 -0.0229292959
1643730 -0.0976882285
1643805  0.0371398310
1643834 -0.0498089738
1643840  0.0445825806
1643900 -0.0179156064
1644055  0.1058025325
1644188  0.0414185976
1644253  0.1247523559
1644304 -0.1488261530
1644323 -0.0161879334
1644326 -0.0670010425
1644475 -0.1246461860
1644686 -0.0815858773
1644688  0.0185931969
1645000  0.0274478162
1645413 -0.1383523561
1646264 -0.0304243177
1646337  0.1760198935
1646491 -0.0391432138
1646505 -0.0288015261
1646632  0.0809037798
1646645 -0.1135500994
1646736 -0.0447137518
1646780  0.0211813266
1646782 -0.0911599559
1646787  0.0263541915
1646796  0.1832244314
1646819 -0.0601198907
1646824  0.1059609573
1646888  0.1375354837
1646889  0.0269732121
1646891  0.0211521822
1646935 -0.0492092236
1646939 -0.0260524745
1647014 -0.0537121415
1647065 -0.1108297252
1647105  0.0587597632
1647117  0.0276010069
1647119 -0.0762971729
1647175 -0.1807906248
1647219 -0.0068478094
1647233  0.0054611460
1647296 -0.0472579835
1647493  0.0934694710
1647496 -0.0853403904
1647550  0.0740247242
1647675  0.2584977753
1647835  0.0013674016
1647856  0.0244690486
1648062  0.0063844547
1648071 -0.0030207711
1648094 -0.0667116323
1648119 -0.0221825684
1648206  0.0655918867
1648220 -0.0075893380
1648534 -0.1480081687
1648578  0.1514453320
1648708 -0.0513312170
1648769 -0.0656893121
1648829  0.0257054477
1648835  0.0739616310
1648840  0.0235786490
1649032  0.0833813297
1649112 -0.0104299426
1649368 -0.0876903567
1649543  0.0177136784
1649547  0.0521644214
1650227 -0.0222920967
1650384 -0.0068507264
1650410  0.1452695376
1650416 -0.0109240589
1650423 -0.0351673240
1650846 -0.1777825456
1651129 -0.0682948673
1651728  0.1432391987
1651893  0.0033863698
1651963 -0.0775939929
1652124 -0.2009138642
1653012 -0.0463214165
1654357 -0.0252273139
1654366  0.2012572727
1654370 -0.0198774093
1654642 -0.0135503328
1654834 -0.0718371166
1654835  0.0731346105
1655432  0.0586430488
1655469  0.0266129402
1655685  0.0981579415
1655734 -0.0461729745
1655738  0.0947835427
1656583 -0.2017686042
1656593 -0.0990154144
1656698 -0.0097213281
1657007  0.1300868567
1657012 -0.1055443132
1657056  0.0755665225
1657184  0.0154117835
1657346 -0.0375711143
1657348 -0.0036485356
1657439 -0.0737288455
1657592 -0.0507634977
1657593  0.0088302856
1657664  0.2674414662
1657686 -0.0428964887
1657690 -0.0408128230
1657696 -0.0015677951
1657726 -0.0135635078
1657833 -0.0032253555
1657840 -0.0615024184
1657844 -0.0249784750
1657902  0.0674620439
1657906 -0.0657612193
1657979  0.0113544080
1658355 -0.0355590979
1658479  0.0248918861
1658599 -0.2581306364
1660955 -0.0643279419
1661045 -0.0773711302
1661074 -0.0440741428
1661452 -0.1203914494
1661529 -0.0901090226
1662419 -0.0159660194
1662467 -0.1511301605
1662783 -0.0615082371
1664603 -0.0055403653
1665142 -0.0056821092

  [1] -0.0535047181  0.0118519635 -0.1037849646  0.0572961729  0.0038610151
  [6]  0.0303415632  0.0008778955  0.0253192267  0.0510426909  0.0169175450
 [11] -0.1135858916  0.0138058479  0.0016824252 -0.0297381289  0.1543156360
 [16]  0.1867162176 -0.0136658814 -0.0921548408  0.0502511336 -0.0851912625
 [21] -0.2095807081  0.0246217321 -0.1554976196 -0.0120475705  0.1657082927
 [26]  0.0567153945 -0.0669122048  0.0371279818  0.1237259107  0.1083268155
 [31] -0.0480416667 -0.0185152210 -0.0412663352  0.0053222883  0.2920300389
 [36] -0.1663846181 -0.0774130003 -0.0529720565  0.0009432135  0.0377826287
 [41]  0.0773285475  0.0454117019  0.0350087650 -0.0287862857 -0.0043121477
 [46] -0.0007537665  0.1058492087  0.0309144706  0.1146808942 -0.0140231327
 [51] -0.0182828772 -0.0272618124  0.1061140279  0.0059464235  0.0021156917
 [56]  0.0398051465 -0.0183023591  0.0590706790  0.1291787951  0.0519904287
 [61]  0.0264340218 -0.0258343495  0.0059360631  0.0048008818 -0.0578714097
 [66] -0.0437983341  0.0195670199 -0.0203256101 -0.0807546729  0.0779645599
 [71]  0.0822574375 -0.1415831296  0.0831301537  0.0781085079 -0.0505375653
 [76] -0.0918393681  0.0308058398  0.0646941379 -0.0123834877  0.1002992834
 [81]  0.0574957516 -0.0591635461 -0.2542745626 -0.1339315744  0.0555750157
 [86]  0.2305386067 -0.0897246137  0.0518461007 -0.0561135374  0.0479456318
 [91] -0.0814828061  0.0513289508  0.0699066244  0.0067131783  0.0611483142
 [96]  0.1427610645  0.0361870337  0.0833980238  0.0022073472  0.0537113584
[101] -0.1131516268 -0.0197554998  0.2236997794  0.1158741160  0.0629216001
[106]  0.0165775683  0.1356350946 -0.0030759138  0.1005967934  0.0814487825
[111] -0.0665767509  0.0362080042  0.0561701224 -0.0158786797  0.0355457320
[116] -0.0321276408 -0.0828003235  0.0535706788  0.0591245346  0.0135033983
[121] -0.0059937188 -0.0037551852  0.0937649178 -0.1403296874 -0.0176629468
[126] -0.0958210301  0.0800191530  0.0868548754  0.0441025479  0.1238234582
[131]  0.1026058196 -0.0871835781  0.0625450776  0.0779289382  0.1065419577
[136]  0.0015497205 -0.0489524124 -0.0059999033 -0.0191016182  0.0171377815
[141] -0.0005298608  0.0253782964 -0.0093469699 -0.0142331957 -0.0183129773
[146] -0.0255195987  0.0543244808 -0.0392830591  0.0597028413 -0.1529580690
[151] -0.1204195628  0.0305291492  0.1887699175 -0.0240776593 -0.2139612181
[156]  0.0960363080 -0.0678211654  0.0073911129 -0.1502525385 -0.1326790984
[161]  0.0760358725  0.2693680315 -0.0326740843 -0.0990956520 -0.0862235966
[166] -0.0409549096  0.1041630826  0.0506562630  0.0251352807  0.1389273446
[171] -0.0561851300 -0.0542931385  0.0085492614  0.0777320398 -0.2019958151
[176]  0.0122981007  0.0918881650  0.1092840592 -0.0502207505 -0.0641099635
[181]  0.0308710414 -0.0492233239  0.0060447068 -0.1066117514 -0.0721230169
[186] -0.1996332235  0.2600918008  0.1966786953 -0.0809724888 -0.1349393590
[191] -0.0923261305 -0.0422365790 -0.0514892292  0.0217750661  0.0986835671
[196] -0.0245619291 -0.0864704653  0.1160243614  0.1497829585 -0.1904487647
[201]  0.0511668639 -0.0005804482  0.1570730492  0.0129243112 -0.0908728010
[206] -0.0254269393 -0.2049617016 -0.0351891163 -0.0530099540 -0.0251615052
[211] -0.2027101401 -0.0116493790 -0.0039623608 -0.0113688672  0.0030829977
[216] -0.1053106932  0.1152135794  0.1988494218  0.0783445609  0.0866586103
[221] -0.0875508404 -0.0683973046 -0.0857385782  0.0183567844 -0.0316349191
[226] -0.0262316647 -0.0381863074  0.0128431068  0.3150808686 -0.0348752101
[231]  0.1499955884 -0.1552290294 -0.0279534086  0.0004715818  0.0483515277
[236]  0.0936647618  0.0781431599  0.1025148827 -0.0399044154  0.1184406008
[241]  0.1420067522 -0.0348752101 -0.0778939102  0.0170565234 -0.0412552039
[246]  0.1229995130  0.2154559327 -0.1658744148 -0.0886070844 -0.1065101628
[251] -0.1618543662 -0.1100758876  0.0935159275 -0.0281268358  0.1136854588
[256] -0.0255428713  0.0289251912 -0.1439284498  0.0410242127  0.0072914464
[261] -0.0374183468  0.1751285086  0.0413472303 -0.1533784846 -0.0015174693
[266]  0.2655180074 -0.0620067570 -0.1321802351  0.0350290277 -0.0684563491
[271]  0.0303415632 -0.0030867815  0.0018348190 -0.0268774125 -0.0819010155
[276] -0.0204955022 -0.0147102951  0.0288760800  0.0473597495 -0.0676329854
[281] -0.0622315753 -0.0495431212 -0.0006432023  0.1120377313  0.0615076518
[286] -0.0334449328  0.2621871082  0.0323861515 -0.0218850452 -0.0198573035
[291] -0.0568933336  0.1829091540  0.0291290703 -0.0971443256 -0.0613890348
[296] -0.0120231645 -0.0148101330  0.0719110511  0.0358507767  0.0750916809
[301] -0.1311364883 -0.0205510165  0.0186808770 -0.0012900238  0.1702359058
[306]  0.0318981626  0.0954230506  0.1845780283 -0.3031227647 -0.0341033774
[311]  0.0885839332 -0.0473345666 -0.1481700572 -0.0853194905 -0.1518578602
[316]  0.0982226269 -0.0956890580  0.0156231637  0.0611548550 -0.0378631323
[321] -0.1152343924 -0.1118784980  0.0507464071 -0.0195318473  0.3525553220
[326]  0.0744798554 -0.0126626108 -0.0391251070  0.0022552351  0.0025789408
[331] -0.0004299974 -0.0504198177 -0.1416136286  0.0090469737  0.0925981543
[336]  0.0909178448  0.0270505121 -0.0510396313  0.0443318694 -0.0344516535
[341] -0.0173725468 -0.0294417842  0.0184071256  0.1844427330  0.0193734555
[346] -0.0288591172  0.0100143626  0.0806952086 -0.1821067224  0.0550300249
[351] -0.0338467624 -0.0836310253 -0.0603712703 -0.0812763403  0.0526791787
[356]  0.0378037800 -0.0611173503 -0.0292615405  0.1095162056 -0.0416260121
[361] -0.0081404062  0.0763990852 -0.0695665181 -0.0941967267  0.2124565537
[366] -0.0529203974 -0.0424075982  0.1064401937  0.0933538426  0.0148412721
[371] -0.0656796318  0.0519112583 -0.1014655613 -0.1156293096 -0.1716284825
[376]  0.0507016597  0.0571497168  0.1106257307  0.0248325928  0.0642461932
[381] -0.0404822213 -0.0062289441  0.0800656631 -0.0735932231 -0.0044247298
[386]  0.0399926960  0.0674447493 -0.0009832445  0.1034135274  0.0116810810
[391] -0.0583306257 -0.1010785950  0.0002660638  0.0278830750 -0.0729996353
[396] -0.1191331228  0.0574994816 -0.1444949495 -0.0425497844 -0.0945802354
[401]  0.0395836830 -0.0313121366 -0.0775417767  0.0262388990 -0.0017843870
[406]  0.0701861282  0.0064457648 -0.0263609888 -0.0215976556 -0.0318060073
[411]  0.1048544042  0.0252031091 -0.0001660529  0.1368968385 -0.1145628341
[416]  0.1282238369  0.1191663478  0.0834179492  0.0211397055  0.0358721896
[421]  0.0332084934 -0.1533397602 -0.1562079486 -0.1537665404 -0.0228202342
[426] -0.0379237225  0.0566985773 -0.0477513964 -0.0316181568 -0.0459667954
[431] -0.0229292959 -0.0976882285  0.0371398310 -0.0498089738  0.0445825806
[436] -0.0179156064  0.1058025325  0.0414185976  0.1247523559 -0.1488261530
[441] -0.0161879334 -0.0670010425 -0.1246461860 -0.0815858773  0.0185931969
[446]  0.0274478162 -0.1383523561 -0.0304243177  0.1760198935 -0.0391432138
[451] -0.0288015261  0.0809037798 -0.1135500994 -0.0447137518  0.0211813266
[456] -0.0911599559  0.0263541915  0.1832244314 -0.0601198907  0.1059609573
[461]  0.1375354837  0.0269732121  0.0211521822 -0.0492092236 -0.0260524745
[466] -0.0537121415 -0.1108297252  0.0587597632  0.0276010069 -0.0762971729
[471] -0.1807906248 -0.0068478094  0.0054611460 -0.0472579835  0.0934694710
[476] -0.0853403904  0.0740247242  0.2584977753  0.0013674016  0.0244690486
[481]  0.0063844547 -0.0030207711 -0.0667116323 -0.0221825684  0.0655918867
[486] -0.0075893380 -0.1480081687  0.1514453320 -0.0513312170 -0.0656893121
[491]  0.0257054477  0.0739616310  0.0235786490  0.0833813297 -0.0104299426
[496] -0.0876903567  0.0177136784  0.0521644214 -0.0222920967 -0.0068507264
[501]  0.1452695376 -0.0109240589 -0.0351673240 -0.1777825456 -0.0682948673
[506]  0.1432391987  0.0033863698 -0.0775939929 -0.2009138642 -0.0463214165
[511] -0.0252273139  0.2012572727 -0.0198774093 -0.0135503328 -0.0718371166
[516]  0.0731346105  0.0586430488  0.0266129402  0.0981579415 -0.0461729745
[521]  0.0947835427 -0.2017686042 -0.0990154144 -0.0097213281  0.1300868567
[526] -0.1055443132  0.0755665225  0.0154117835 -0.0375711143 -0.0036485356
[531] -0.0737288455 -0.0507634977  0.0088302856  0.2674414662 -0.0428964887
[536] -0.0408128230 -0.0015677951 -0.0135635078 -0.0032253555 -0.0615024184
[541] -0.0249784750  0.0674620439 -0.0657612193  0.0113544080 -0.0355590979
[546]  0.0248918861 -0.2581306364 -0.0643279419 -0.0773711302 -0.0440741428
[551] -0.1203914494 -0.0901090226 -0.0159660194 -0.1511301605 -0.0615082371
[556] -0.0055403653 -0.0056821092
  [1] "1195086" "1213653" "1300191" "1300418" "1300444" "1300818" "1300988"
  [8] "1300996" "1301142" "1301214" "1301223" "1301572" "1302120" "1302171"
 [15] "1302493" "1303290" "1303382" "1303695" "1303718" "1304305" "1304389"
 [22] "1304551" "1304638" "1305047" "1305436" "1305639" "1305978" "1306176"
 [29] "1306204" "1306538" "1307002" "1307361" "1307521" "1307730" "1307736"
 [36] "1308418" "1309054" "1310041" "1310307" "1310341" "1310409" "1311311"
 [43] "1311742" "1311777" "1312061" "1312108" "1312111" "1312395" "1312477"
 [50] "1314310" "1314395" "1314458" "1314730" "1314767" "1314790" "1314806"
 [57] "1314889" "1314893" "1314900" "1314926" "1314966" "1315011" "1315058"
 [64] "1315246" "1315466" "1315491" "1315496" "1315669" "1316434" "1319887"
 [71] "1320202" "1320953" "1322187" "1322831" "1322836" "1323549" "1324170"
 [78] "1325294" "1326817" "1327705" "1415988" "1416130" "1416182" "1416273"
 [85] "1416278" "1416414" "1417923" "1418351" "1418470" "1418471" "1418909"
 [92] "1419196" "1419508" "1419697" "1419770" "1419906" "1419910" "1420022"
 [99] "1420459" "1420851" "1421090" "1421533" "1421803" "1421806" "1421886"
[106] "1421937" "1422007" "1422176" "1422309" "1422346" "1422572" "1422902"
[113] "1422917" "1422976" "1423053" "1423114" "1423151" "1423156" "1423212"
[120] "1423251" "1423465" "1423593" "1423701" "1423776" "1424016" "1424159"
[127] "1424190" "1424234" "1424241" "1424342" "1424346" "1424405" "1424422"
[134] "1424447" "1424468" "1424484" "1424495" "1424504" "1424594" "1424673"
[141] "1424711" "1424799" "1424849" "1424851" "1424916" "1424928" "1425067"
[148] "1425068" "1425091" "1425152" "1425237" "1425291" "1425327" "1425430"
[155] "1425584" "1425615" "1425761" "1425897" "1425969" "1426041" "1426073"
[162] "1426074" "1426320" "1426376" "1426461" "1426478" "1426507" "1426576"
[169] "1426665" "1427154" "1427158" "1427204" "1427213" "1427253" "1427532"
[176] "1427738" "1428424" "1428565" "1429053" "1429060" "1430073" "1430741"
[183] "1431439" "1432455" "1432591" "1432805" "1433691" "1433696" "1434201"
[190] "1434241" "1434706" "1435828" "1436042" "1436094" "1436227" "1436230"
[197] "1436324" "1437167" "1438450" "1439012" "1442794" "1442802" "1442812"
[204] "1444130" "1444241" "1446447" "1525394" "1525942" "1525958" "1526024"
[211] "1526222" "1526438" "1526627" "1526672" "1526727" "1526730" "1526812"
[218] "1526834" "1526934" "1526949" "1526950" "1526954" "1526955" "1526966"
[225] "1526973" "1527160" "1527253" "1527319" "1527442" "1527484" "1527552"
[232] "1527691" "1528048" "1528106" "1528403" "1528516" "1528569" "1528798"
[239] "1528988" "1529438" "1529634" "1529651" "1529653" "1529959" "1530246"
[246] "1530286" "1530323" "1530389" "1530612" "1530614" "1530618" "1530886"
[253] "1530940" "1531248" "1531257" "1531260" "1531268" "1531586" "1531809"
[260] "1532009" "1532046" "1532255" "1532557" "1532635" "1532641" "1532747"
[267] "1533290" "1533352" "1533461" "1533571" "1533686" "1533732" "1533842"
[274] "1534061" "1534066" "1534151" "1534170" "1534259" "1534308" "1534364"
[281] "1534442" "1534564" "1534773" "1534788" "1534829" "1534909" "1535033"
[288] "1535300" "1535319" "1535387" "1535455" "1535574" "1535676" "1535688"
[295] "1535755" "1535836" "1536131" "1536340" "1536361" "1536429" "1536727"
[302] "1536968" "1537126" "1537171" "1537248" "1537249" "1537428" "1537889"
[309] "1538075" "1538105" "1538257" "1538576" "1538585" "1538791" "1539144"
[316] "1539145" "1539227" "1539427" "1539705" "1540474" "1540513" "1540662"
[323] "1540687" "1540693" "1540698" "1540983" "1541864" "1542278" "1542551"
[330] "1543413" "1543656" "1543724" "1543874" "1543908" "1544019" "1544404"
[337] "1544406" "1544478" "1544486" "1544548" "1544698" "1544700" "1545556"
[344] "1545658" "1545858" "1545864" "1545867" "1545922" "1545938" "1546212"
[351] "1546417" "1546430" "1546599" "1547890" "1548739" "1549727" "1550119"
[358] "1550471" "1551020" "1551276" "1552096" "1552190" "1552316" "1552653"
[365] "1553850" "1554646" "1557422" "1637108" "1637156" "1637169" "1637173"
[372] "1637179" "1637192" "1637597" "1637602" "1637657" "1637726" "1638028"
[379] "1638163" "1638185" "1638272" "1638293" "1638317" "1638340" "1638358"
[386] "1638451" "1638454" "1638467" "1638472" "1638484" "1638498" "1638506"
[393] "1638572" "1638988" "1639099" "1639265" "1639424" "1639428" "1639432"
[400] "1639495" "1639501" "1639605" "1639865" "1639866" "1639900" "1639917"
[407] "1639963" "1640056" "1640528" "1640696" "1640706" "1640778" "1640791"
[414] "1640953" "1641097" "1642601" "1642605" "1642692" "1642780" "1642860"
[421] "1642863" "1642939" "1642940" "1642947" "1642953" "1643386" "1643605"
[428] "1643608" "1643611" "1643664" "1643671" "1643730" "1643805" "1643834"
[435] "1643840" "1643900" "1644055" "1644188" "1644253" "1644304" "1644323"
[442] "1644326" "1644475" "1644686" "1644688" "1645000" "1645413" "1646264"
[449] "1646337" "1646491" "1646505" "1646632" "1646645" "1646736" "1646780"
[456] "1646782" "1646787" "1646796" "1646819" "1646824" "1646888" "1646889"
[463] "1646891" "1646935" "1646939" "1647014" "1647065" "1647105" "1647117"
[470] "1647119" "1647175" "1647219" "1647233" "1647296" "1647493" "1647496"
[477] "1647550" "1647675" "1647835" "1647856" "1648062" "1648071" "1648094"
[484] "1648119" "1648206" "1648220" "1648534" "1648578" "1648708" "1648769"
[491] "1648829" "1648835" "1648840" "1649032" "1649112" "1649368" "1649543"
[498] "1649547" "1650227" "1650384" "1650410" "1650416" "1650423" "1650846"
[505] "1651129" "1651728" "1651893" "1651963" "1652124" "1653012" "1654357"
[512] "1654366" "1654370" "1654642" "1654834" "1654835" "1655432" "1655469"
[519] "1655685" "1655734" "1655738" "1656583" "1656593" "1656698" "1657007"
[526] "1657012" "1657056" "1657184" "1657346" "1657348" "1657439" "1657592"
[533] "1657593" "1657664" "1657686" "1657690" "1657696" "1657726" "1657833"
[540] "1657840" "1657844" "1657902" "1657906" "1657979" "1658355" "1658479"
[547] "1658599" "1660955" "1661045" "1661074" "1661452" "1661529" "1662419"
[554] "1662467" "1662783" "1664603" "1665142"
    catcher_id       framing
1      1195086 -0.0535047181
2      1213653  0.0118519635
3      1300191 -0.1037849646
4      1300418  0.0572961729
5      1300444  0.0038610151
6      1300818  0.0303415632
7      1300988  0.0008778955
8      1300996  0.0253192267
9      1301142  0.0510426909
10     1301214  0.0169175450
11     1301223 -0.1135858916
12     1301572  0.0138058479
13     1302120  0.0016824252
14     1302171 -0.0297381289
15     1302493  0.1543156360
16     1303290  0.1867162176
17     1303382 -0.0136658814
18     1303695 -0.0921548408
19     1303718  0.0502511336
20     1304305 -0.0851912625
21     1304389 -0.2095807081
22     1304551  0.0246217321
23     1304638 -0.1554976196
24     1305047 -0.0120475705
25     1305436  0.1657082927
26     1305639  0.0567153945
27     1305978 -0.0669122048
28     1306176  0.0371279818
29     1306204  0.1237259107
30     1306538  0.1083268155
31     1307002 -0.0480416667
32     1307361 -0.0185152210
33     1307521 -0.0412663352
34     1307730  0.0053222883
35     1307736  0.2920300389
36     1308418 -0.1663846181
37     1309054 -0.0774130003
38     1310041 -0.0529720565
39     1310307  0.0009432135
40     1310341  0.0377826287
41     1310409  0.0773285475
42     1311311  0.0454117019
43     1311742  0.0350087650
44     1311777 -0.0287862857
45     1312061 -0.0043121477
46     1312108 -0.0007537665
47     1312111  0.1058492087
48     1312395  0.0309144706
49     1312477  0.1146808942
50     1314310 -0.0140231327
51     1314395 -0.0182828772
52     1314458 -0.0272618124
53     1314730  0.1061140279
54     1314767  0.0059464235
55     1314790  0.0021156917
56     1314806  0.0398051465
57     1314889 -0.0183023591
58     1314893  0.0590706790
59     1314900  0.1291787951
60     1314926  0.0519904287
61     1314966  0.0264340218
62     1315011 -0.0258343495
63     1315058  0.0059360631
64     1315246  0.0048008818
65     1315466 -0.0578714097
66     1315491 -0.0437983341
67     1315496  0.0195670199
68     1315669 -0.0203256101
69     1316434 -0.0807546729
70     1319887  0.0779645599
71     1320202  0.0822574375
72     1320953 -0.1415831296
73     1322187  0.0831301537
74     1322831  0.0781085079
75     1322836 -0.0505375653
76     1323549 -0.0918393681
77     1324170  0.0308058398
78     1325294  0.0646941379
79     1326817 -0.0123834877
80     1327705  0.1002992834
81     1415988  0.0574957516
82     1416130 -0.0591635461
83     1416182 -0.2542745626
84     1416273 -0.1339315744
85     1416278  0.0555750157
86     1416414  0.2305386067
87     1417923 -0.0897246137
88     1418351  0.0518461007
89     1418470 -0.0561135374
90     1418471  0.0479456318
91     1418909 -0.0814828061
92     1419196  0.0513289508
93     1419508  0.0699066244
94     1419697  0.0067131783
95     1419770  0.0611483142
96     1419906  0.1427610645
97     1419910  0.0361870337
98     1420022  0.0833980238
99     1420459  0.0022073472
100    1420851  0.0537113584
101    1421090 -0.1131516268
102    1421533 -0.0197554998
103    1421803  0.2236997794
104    1421806  0.1158741160
105    1421886  0.0629216001
106    1421937  0.0165775683
107    1422007  0.1356350946
108    1422176 -0.0030759138
109    1422309  0.1005967934
110    1422346  0.0814487825
111    1422572 -0.0665767509
112    1422902  0.0362080042
113    1422917  0.0561701224
114    1422976 -0.0158786797
115    1423053  0.0355457320
116    1423114 -0.0321276408
117    1423151 -0.0828003235
118    1423156  0.0535706788
119    1423212  0.0591245346
120    1423251  0.0135033983
121    1423465 -0.0059937188
122    1423593 -0.0037551852
123    1423701  0.0937649178
124    1423776 -0.1403296874
125    1424016 -0.0176629468
126    1424159 -0.0958210301
127    1424190  0.0800191530
128    1424234  0.0868548754
129    1424241  0.0441025479
130    1424342  0.1238234582
131    1424346  0.1026058196
132    1424405 -0.0871835781
133    1424422  0.0625450776
134    1424447  0.0779289382
135    1424468  0.1065419577
136    1424484  0.0015497205
137    1424495 -0.0489524124
138    1424504 -0.0059999033
139    1424594 -0.0191016182
140    1424673  0.0171377815
141    1424711 -0.0005298608
142    1424799  0.0253782964
143    1424849 -0.0093469699
144    1424851 -0.0142331957
145    1424916 -0.0183129773
146    1424928 -0.0255195987
147    1425067  0.0543244808
148    1425068 -0.0392830591
149    1425091  0.0597028413
150    1425152 -0.1529580690
151    1425237 -0.1204195628
152    1425291  0.0305291492
153    1425327  0.1887699175
154    1425430 -0.0240776593
155    1425584 -0.2139612181
156    1425615  0.0960363080
157    1425761 -0.0678211654
158    1425897  0.0073911129
159    1425969 -0.1502525385
160    1426041 -0.1326790984
161    1426073  0.0760358725
162    1426074  0.2693680315
163    1426320 -0.0326740843
164    1426376 -0.0990956520
165    1426461 -0.0862235966
166    1426478 -0.0409549096
167    1426507  0.1041630826
168    1426576  0.0506562630
169    1426665  0.0251352807
170    1427154  0.1389273446
171    1427158 -0.0561851300
172    1427204 -0.0542931385
173    1427213  0.0085492614
174    1427253  0.0777320398
175    1427532 -0.2019958151
176    1427738  0.0122981007
177    1428424  0.0918881650
178    1428565  0.1092840592
179    1429053 -0.0502207505
180    1429060 -0.0641099635
181    1430073  0.0308710414
182    1430741 -0.0492233239
183    1431439  0.0060447068
184    1432455 -0.1066117514
185    1432591 -0.0721230169
186    1432805 -0.1996332235
187    1433691  0.2600918008
188    1433696  0.1966786953
189    1434201 -0.0809724888
190    1434241 -0.1349393590
191    1434706 -0.0923261305
192    1435828 -0.0422365790
193    1436042 -0.0514892292
194    1436094  0.0217750661
195    1436227  0.0986835671
196    1436230 -0.0245619291
197    1436324 -0.0864704653
198    1437167  0.1160243614
199    1438450  0.1497829585
200    1439012 -0.1904487647
201    1442794  0.0511668639
202    1442802 -0.0005804482
203    1442812  0.1570730492
204    1444130  0.0129243112
205    1444241 -0.0908728010
206    1446447 -0.0254269393
207    1525394 -0.2049617016
208    1525942 -0.0351891163
209    1525958 -0.0530099540
210    1526024 -0.0251615052
211    1526222 -0.2027101401
212    1526438 -0.0116493790
213    1526627 -0.0039623608
214    1526672 -0.0113688672
215    1526727  0.0030829977
216    1526730 -0.1053106932
217    1526812  0.1152135794
218    1526834  0.1988494218
219    1526934  0.0783445609
220    1526949  0.0866586103
221    1526950 -0.0875508404
222    1526954 -0.0683973046
223    1526955 -0.0857385782
224    1526966  0.0183567844
225    1526973 -0.0316349191
226    1527160 -0.0262316647
227    1527253 -0.0381863074
228    1527319  0.0128431068
229    1527442  0.3150808686
230    1527484 -0.0348752101
231    1527552  0.1499955884
232    1527691 -0.1552290294
233    1528048 -0.0279534086
234    1528106  0.0004715818
235    1528403  0.0483515277
236    1528516  0.0936647618
237    1528569  0.0781431599
238    1528798  0.1025148827
239    1528988 -0.0399044154
240    1529438  0.1184406008
241    1529634  0.1420067522
242    1529651 -0.0348752101
243    1529653 -0.0778939102
244    1529959  0.0170565234
245    1530246 -0.0412552039
246    1530286  0.1229995130
247    1530323  0.2154559327
248    1530389 -0.1658744148
249    1530612 -0.0886070844
250    1530614 -0.1065101628
251    1530618 -0.1618543662
252    1530886 -0.1100758876
253    1530940  0.0935159275
254    1531248 -0.0281268358
255    1531257  0.1136854588
256    1531260 -0.0255428713
257    1531268  0.0289251912
258    1531586 -0.1439284498
259    1531809  0.0410242127
260    1532009  0.0072914464
261    1532046 -0.0374183468
262    1532255  0.1751285086
263    1532557  0.0413472303
264    1532635 -0.1533784846
265    1532641 -0.0015174693
266    1532747  0.2655180074
267    1533290 -0.0620067570
268    1533352 -0.1321802351
269    1533461  0.0350290277
270    1533571 -0.0684563491
271    1533686  0.0303415632
272    1533732 -0.0030867815
273    1533842  0.0018348190
274    1534061 -0.0268774125
275    1534066 -0.0819010155
276    1534151 -0.0204955022
277    1534170 -0.0147102951
278    1534259  0.0288760800
279    1534308  0.0473597495
280    1534364 -0.0676329854
281    1534442 -0.0622315753
282    1534564 -0.0495431212
283    1534773 -0.0006432023
284    1534788  0.1120377313
285    1534829  0.0615076518
286    1534909 -0.0334449328
287    1535033  0.2621871082
288    1535300  0.0323861515
289    1535319 -0.0218850452
290    1535387 -0.0198573035
291    1535455 -0.0568933336
292    1535574  0.1829091540
293    1535676  0.0291290703
294    1535688 -0.0971443256
295    1535755 -0.0613890348
296    1535836 -0.0120231645
297    1536131 -0.0148101330
298    1536340  0.0719110511
299    1536361  0.0358507767
300    1536429  0.0750916809
301    1536727 -0.1311364883
302    1536968 -0.0205510165
303    1537126  0.0186808770
304    1537171 -0.0012900238
305    1537248  0.1702359058
306    1537249  0.0318981626
307    1537428  0.0954230506
308    1537889  0.1845780283
309    1538075 -0.3031227647
310    1538105 -0.0341033774
311    1538257  0.0885839332
312    1538576 -0.0473345666
313    1538585 -0.1481700572
314    1538791 -0.0853194905
315    1539144 -0.1518578602
316    1539145  0.0982226269
317    1539227 -0.0956890580
318    1539427  0.0156231637
319    1539705  0.0611548550
320    1540474 -0.0378631323
321    1540513 -0.1152343924
322    1540662 -0.1118784980
323    1540687  0.0507464071
324    1540693 -0.0195318473
325    1540698  0.3525553220
326    1540983  0.0744798554
327    1541864 -0.0126626108
328    1542278 -0.0391251070
329    1542551  0.0022552351
330    1543413  0.0025789408
331    1543656 -0.0004299974
332    1543724 -0.0504198177
333    1543874 -0.1416136286
334    1543908  0.0090469737
335    1544019  0.0925981543
336    1544404  0.0909178448
337    1544406  0.0270505121
338    1544478 -0.0510396313
339    1544486  0.0443318694
340    1544548 -0.0344516535
341    1544698 -0.0173725468
342    1544700 -0.0294417842
343    1545556  0.0184071256
344    1545658  0.1844427330
345    1545858  0.0193734555
346    1545864 -0.0288591172
347    1545867  0.0100143626
348    1545922  0.0806952086
349    1545938 -0.1821067224
350    1546212  0.0550300249
351    1546417 -0.0338467624
352    1546430 -0.0836310253
353    1546599 -0.0603712703
354    1547890 -0.0812763403
355    1548739  0.0526791787
356    1549727  0.0378037800
357    1550119 -0.0611173503
358    1550471 -0.0292615405
359    1551020  0.1095162056
360    1551276 -0.0416260121
361    1552096 -0.0081404062
362    1552190  0.0763990852
363    1552316 -0.0695665181
364    1552653 -0.0941967267
365    1553850  0.2124565537
366    1554646 -0.0529203974
367    1557422 -0.0424075982
368    1637108  0.1064401937
369    1637156  0.0933538426
370    1637169  0.0148412721
371    1637173 -0.0656796318
372    1637179  0.0519112583
373    1637192 -0.1014655613
374    1637597 -0.1156293096
375    1637602 -0.1716284825
376    1637657  0.0507016597
377    1637726  0.0571497168
378    1638028  0.1106257307
379    1638163  0.0248325928
380    1638185  0.0642461932
381    1638272 -0.0404822213
382    1638293 -0.0062289441
383    1638317  0.0800656631
384    1638340 -0.0735932231
385    1638358 -0.0044247298
386    1638451  0.0399926960
387    1638454  0.0674447493
388    1638467 -0.0009832445
389    1638472  0.1034135274
390    1638484  0.0116810810
391    1638498 -0.0583306257
392    1638506 -0.1010785950
393    1638572  0.0002660638
394    1638988  0.0278830750
395    1639099 -0.0729996353
396    1639265 -0.1191331228
397    1639424  0.0574994816
398    1639428 -0.1444949495
399    1639432 -0.0425497844
400    1639495 -0.0945802354
401    1639501  0.0395836830
402    1639605 -0.0313121366
403    1639865 -0.0775417767
404    1639866  0.0262388990
405    1639900 -0.0017843870
406    1639917  0.0701861282
407    1639963  0.0064457648
408    1640056 -0.0263609888
409    1640528 -0.0215976556
410    1640696 -0.0318060073
411    1640706  0.1048544042
412    1640778  0.0252031091
413    1640791 -0.0001660529
414    1640953  0.1368968385
415    1641097 -0.1145628341
416    1642601  0.1282238369
417    1642605  0.1191663478
418    1642692  0.0834179492
419    1642780  0.0211397055
420    1642860  0.0358721896
421    1642863  0.0332084934
422    1642939 -0.1533397602
423    1642940 -0.1562079486
424    1642947 -0.1537665404
425    1642953 -0.0228202342
426    1643386 -0.0379237225
427    1643605  0.0566985773
428    1643608 -0.0477513964
429    1643611 -0.0316181568
430    1643664 -0.0459667954
431    1643671 -0.0229292959
432    1643730 -0.0976882285
433    1643805  0.0371398310
434    1643834 -0.0498089738
435    1643840  0.0445825806
436    1643900 -0.0179156064
437    1644055  0.1058025325
438    1644188  0.0414185976
439    1644253  0.1247523559
440    1644304 -0.1488261530
441    1644323 -0.0161879334
442    1644326 -0.0670010425
443    1644475 -0.1246461860
444    1644686 -0.0815858773
445    1644688  0.0185931969
446    1645000  0.0274478162
447    1645413 -0.1383523561
448    1646264 -0.0304243177
449    1646337  0.1760198935
450    1646491 -0.0391432138
451    1646505 -0.0288015261
452    1646632  0.0809037798
453    1646645 -0.1135500994
454    1646736 -0.0447137518
455    1646780  0.0211813266
456    1646782 -0.0911599559
457    1646787  0.0263541915
458    1646796  0.1832244314
459    1646819 -0.0601198907
460    1646824  0.1059609573
461    1646888  0.1375354837
462    1646889  0.0269732121
463    1646891  0.0211521822
464    1646935 -0.0492092236
465    1646939 -0.0260524745
466    1647014 -0.0537121415
467    1647065 -0.1108297252
468    1647105  0.0587597632
469    1647117  0.0276010069
470    1647119 -0.0762971729
471    1647175 -0.1807906248
472    1647219 -0.0068478094
473    1647233  0.0054611460
474    1647296 -0.0472579835
475    1647493  0.0934694710
476    1647496 -0.0853403904
477    1647550  0.0740247242
478    1647675  0.2584977753
479    1647835  0.0013674016
480    1647856  0.0244690486
481    1648062  0.0063844547
482    1648071 -0.0030207711
483    1648094 -0.0667116323
484    1648119 -0.0221825684
485    1648206  0.0655918867
486    1648220 -0.0075893380
487    1648534 -0.1480081687
488    1648578  0.1514453320
489    1648708 -0.0513312170
490    1648769 -0.0656893121
491    1648829  0.0257054477
492    1648835  0.0739616310
493    1648840  0.0235786490
494    1649032  0.0833813297
495    1649112 -0.0104299426
496    1649368 -0.0876903567
497    1649543  0.0177136784
498    1649547  0.0521644214
499    1650227 -0.0222920967
500    1650384 -0.0068507264
501    1650410  0.1452695376
502    1650416 -0.0109240589
503    1650423 -0.0351673240
504    1650846 -0.1777825456
505    1651129 -0.0682948673
506    1651728  0.1432391987
507    1651893  0.0033863698
508    1651963 -0.0775939929
509    1652124 -0.2009138642
510    1653012 -0.0463214165
511    1654357 -0.0252273139
512    1654366  0.2012572727
513    1654370 -0.0198774093
514    1654642 -0.0135503328
515    1654834 -0.0718371166
516    1654835  0.0731346105
517    1655432  0.0586430488
518    1655469  0.0266129402
519    1655685  0.0981579415
520    1655734 -0.0461729745
521    1655738  0.0947835427
522    1656583 -0.2017686042
523    1656593 -0.0990154144
524    1656698 -0.0097213281
525    1657007  0.1300868567
526    1657012 -0.1055443132
527    1657056  0.0755665225
528    1657184  0.0154117835
529    1657346 -0.0375711143
530    1657348 -0.0036485356
531    1657439 -0.0737288455
532    1657592 -0.0507634977
533    1657593  0.0088302856
534    1657664  0.2674414662
535    1657686 -0.0428964887
536    1657690 -0.0408128230
537    1657696 -0.0015677951
538    1657726 -0.0135635078
539    1657833 -0.0032253555
540    1657840 -0.0615024184
541    1657844 -0.0249784750
542    1657902  0.0674620439
543    1657906 -0.0657612193
544    1657979  0.0113544080
545    1658355 -0.0355590979
546    1658479  0.0248918861
547    1658599 -0.2581306364
548    1660955 -0.0643279419
549    1661045 -0.0773711302
550    1661074 -0.0440741428
551    1661452 -0.1203914494
552    1661529 -0.0901090226
553    1662419 -0.0159660194
554    1662467 -0.1511301605
555    1662783 -0.0615082371
556    1664603 -0.0055403653
557    1665142 -0.0056821092
